6.17071383532869
4.47969869612547
1.83575714196199
1.5986735350641
1.33281256730993
1.14309603270649
1.08678521936751
0.96197138844808
0.839078950039938
0.805279979466115
0.764938546583902
0.709577981415124
0.646457536218394
0.592844410683896
0.57621113406305
0.542756731881117
0.51705002450218
0.480513622075239
0.477159943092679
0.453657231598862
0.438278651795357
0.431840802385453
0.419964160332573
0.408100979621081
0.403050395545749
0.39266377135289
0.380321096474396
0.37477362279806
0.359371918800167
0.356086271958734
0.344921560952184
0.337574962200147
0.311284243488392
0.30800917382612
0.303140464455708
0.291745304880584
0.282566612665454
0.275304189946705
0.262186026495582
0.257818701118755
0.252127779492369
0.247097130481659
0.226653488934137
0.220094916149371
0.215348414036097
0.213280578833324
0.202774182387869
0.194998551944415
0.183452341084261
0.172045750325318
1.27829337740767e-13
2.8483358367088e-14
