-10.6335142455533	-10.4158172052971	-10.4510035447446	-10.4635372929861	-10.7750387396352	-10.8053196124688	-10.8870171994297	-10.8199774571809	-10.6194472321337	-10.7971024500704	-10.6718792035696	-10.8825709164131	-11.0600256585435	-10.2346010430899	-10.5800138031219	-10.5053668818792	-10.4989078538636	-10.6730025354342	-10.6358750351131	-10.8561006557351	-10.9594797078079	-10.8255697766364	-10.7492924647653	-10.6826842557742
-11.086981331326	-11.0274308341083	-11.1051572572904	-11.206596645065	-11.1408709912202	-11.4786265694127	-11.2143606378022	-11.3732085998311	-11.2091789770028	-11.307417788897	-11.29046824484	-11.3748230433195	-11.4622858845698	-10.9138322050274	-11.04852471567	-10.8774284102412	-11.2274118692816	-11.2877123795494	-11.3495708499565	-11.2577176392516	-11.4084645390101	-11.2078782058736	-11.2934487490986	-11.0818678038522
-13.7027498788283	-13.79344818912	-13.7956524600468	-13.9229480867518	-14.2806919518717	-13.946144571169	-14.1545013166896	-14.2445851316625	-13.5751520980515	-13.7846501324734	-14.2777282909768	-14.2518554576175	-13.9762512837132	-14.1145634772329	-13.8064411818705	-14.0372232270348	-14.3785751781806	-13.6242378506498	-14.1055398064658	-14.033896503745	-13.907232102307	-14.1565434215896	-13.9099077864696	-13.3275133876074
-13.6586946987504	-13.9442281412956	-13.9743728918676	-13.9745062927883	-14.1534112878379	-13.7610831891446	-14.2877123795494	-13.9693706020366	-13.9609523761053	-13.853691776903	-13.7161703945906	-13.8256774007334	-13.7558612152879	-13.4515984645104	-14.2085891693915	-14.0852641265767	-14.0530597750855	-14.0490896397556	-13.8863498171677	-13.7749782063835	-13.907232102307	-14.0673078263069	-13.3826607836047	-13.7869450062447
-4.483281156515	-4.1886615640239	-4.19546674192901	-4.13150806328919	-4.14187340801016	-4.26263091120359	-4.24303254971558	-4.30216484006593	-4.38082178394093	-4.30861374160648	-4.32795188251513	-4.23480250264488	-4.19871665870646	-4.11987331612439	-4.0428457478217	-4.13585567086845	-4.02494635713023	-4.03488822604278	-4.12701640997302	-4.09298688772198	-4.33392919235756	-4.18126768795024	-4.15220731101789	-4.04101216948987
-4.67565824986651	-4.3644328234019	-4.34444134821443	-4.40113884826648	-4.34498333111503	-4.48405540560612	-4.39146902814044	-4.47725154662402	-4.55147413354127	-4.56484831533493	-4.41503749927884	-4.36656109081576	-4.3500106368554	-4.31999288998165	-4.14877919257076	-4.18102198691659	-4.31259023030803	-4.26497221007529	-4.32738252497947	-4.32560844137531	-4.54888059916974	-4.38408457094993	-4.28026545591456	-4.26609970657534
-14.0759032970708	-13.8381865038853	-13.6449735475491	-13.455169125401	-13.738373788559	-13.9734722023854	-14.187548217624	-14.3383384526194	-13.8495912671576	-13.9715282671969	-14.1321070494242	-13.5488371953746	-13.8047708157688	-13.4624867806532	-13.6739908858469	-14.0403766600736	-13.8130319338432	-13.7926353823455	-13.8192356213091	-13.8818934103	-13.907232102307	-13.4243470715713	-13.5055175313902	-13.3788602676076
-14.8709983024632	-14.5846497955591	-14.5615843330923	-15.0115624739254	-14.9448246660264	-14.9240217602708	-14.9215844807516	-14.6628450916086	-14.3543834191947	-15.0088414256649	-14.671041019101	-14.3501933768108	-14.420530415798	-14.4690594345766	-13.9069680578245	-14.2821024112069	-14.7090088693	-14.9309635388935	-15.1183924085378	-14.616548843779	-14.9498239790314	-14.8579754329405	-14.1917342228886	-13.9606898788438
-7.06235754435714	-6.95872952712814	-6.65427280572006	-6.67652237869505	-6.98489310760979	-7.02297411479863	-7.32650214265887	-7.20666227684371	-6.97083751238837	-6.78471872561457	-6.1150367670911	-5.79210714835867	-7.44406838777045	-6.73056782296806	-6.42484640783293	-6.80432086196797	-7.34796595578889	-6.63188354810865	-7.04144855459416	-7.28128611039002	-6.79937376739601	-7.00358631737447	-6.28128611039002	-6.26254954780843
-9.63351424555327	-9.48170514095359	-9.29682279799416	-9.21809228390282	-9.57812322431455	-9.53867395308267	-9.95544234044063	-9.81378119121704	-9.46744413868868	-9.31880005733355	-8.66829040808492	-8.33278908751913	-10.1107326205732	-9.45482236538471	-8.97765838495038	-9.48968525964696	-9.94251450533924	-9.19319478076516	-9.58000059035836	-9.83823423494158	-9.434459747543	-9.4591928474938	-9.00054970282276	-8.98408510140503
-11.3649943006357	-11.3852288854637	-11.5928722610559	-11.3822580160565	-11.7580323143295	-11.6013295609324	-11.5832862122267	-11.7933170886573	-11.6727966567267	-11.6124391077895	-11.673676954632	-11.3868455715687	-11.9075696707168	-11.3366219800304	-11.7346339398481	-11.9336038789129	-11.4989078538636	-11.8108986826839	-11.7932874252419	-12.1110677803008	-11.7168594782437	-12.0122942492598	-11.403905397054	-11.8338019886263
-13.5737634381082	-13.5007061028836	-13.9455833382399	-13.625881115444	-13.7670774539325	-14.0146102773055	-13.7342281103015	-13.8864806797956	-14.2072693869941	-13.5574726485716	-13.6068898634208	-13.6833444796557	-13.6886746936166	-13.4397154729945	-13.5319491899291	-13.5748104902737	-14.0149365792375	-14.1349881188607	-13.8987083824781	-14.8355732534785	-13.7275329797582	-14.1012992553186	-13.4836325895247	-14.3471113023819
-8.29682279799416	-8.07851388452286	-8.1451461430709	-8.05745888531433	-8.28635709993744	-8.07924233444537	-8.1990289840462	-8.03617361255349	-8.41484918774112	-7.87897945712481	-7.86478096597861	-7.81349944235551	-7.83407860545026	-7.74339186332564	-7.63677835853419	-7.68344481817077	-8.11713590144631	-8.03662452521254	-8.02489737833031	-7.7133971230278	-8.17507311872435	-7.96081803176874	-7.71665201537322	-7.78913968541341
-9.25183534322085	-8.9470477220805	-9.10173178269128	-9.01506518743331	-9.15070200057987	-9.01511199702566	-9.09604067061343	-8.92625592047545	-9.32475572152017	-8.78718698120532	-8.79463614195033	-8.68038206579984	-8.74490809577302	-8.66322151464166	-8.53896961760689	-8.71728597198617	-8.93675523605055	-8.94193754270772	-8.98700077057178	-8.63660037377193	-9.04700807993606	-8.80139746676121	-8.72874508736124	-8.60793661551978
-10.0344970347461	-9.69116190455308	-9.92902573465197	-9.80688068931103	-10.2253042063196	-10.1831411161012	-10.2573878426927	-10.1233255616486	-10.2195408769079	-10.095664567209	-10.3808217839409	-10.1273734269363	-9.98327171139093	-9.90882839985001	-9.8012485126502	-9.8750188207389	-10.1240463685788	-10.2191685204622	-10.3717766443379	-10.1943158430959	-10.7998485669334	-10.150999157129	-10.2717203467815	-9.99553162805614
-12.1215200969835	-11.7962040544105	-11.8156439352342	-11.9737112004337	-12.0792103459964	-12.1166668382132	-12.4418124138301	-12.1638407213873	-12.5808432101294	-12.0625927456033	-12.3648802400719	-12.4019958070453	-12.0045403281446	-12.0150278036819	-12.1714905453177	-11.8164066606239	-11.9999100685667	-12.699525977954	-12.2125780494887	-12.2969309095788	-13.059235195752	-12.25761034776	-12.1477049008044	-12.1654566294985
-14.6989078125339	-14.8391223205596	-14.5461871937558	-14.8523624248483	-14.7341855723751	-14.3855171650212	-15.1778347617771	-14.5074356141099	-14.826997305876	-14.2414893627888	-14.3211353810869	-14.5037319658657	-14.6942883000801	-14.671041019101	-14.2297650303402	-14.8901358503368	-14.4700059384222	-14.2829113932856	-15.7361290034466	-14.39332256751	-14.2018610034777	-14.1748397203365	-14.82869718321	-15.2756395472489
-15.4269481769206	-15.6238543336565	-15.6951585456229	-15.7332151595553	-15.7224084045988	-15.9346026294138	-16.5486724571454	-15.6680571606621	-15.5600584455863	-16.3262469809684	-15.357661257112	-15.4906994017133	-15.4209789104129	-15.1589790654272	-15.8056681917739	-16.3073709053199	-15.8174453595502	-16.0246779737157	-16.3501205527793	-15.5619437324055	-15.3501205527793	-15.5041473455895	-15.7351713565207	-15.7697486175189
-13.6651864658718	-13.6747355026587	-13.7627972624982	-13.4834368504238	-13.3543101282785	-13.6971033156872	-13.3842856392445	-13.2097098675482	-14.1202556336979	-13.9770115400853	-14.6830615439062	-14.9057369009921	-13.4209789104129	-13.426418650381	-13.4905292625491	-13.424131577776	-13.3722458897611	-13.9166182278582	-13.5031014131481	-13.588578858909	-14.1978975530704	-14.382281800207	-14.3389928844931	-13.9251423001647
-11.8292246242372	-12.1146476705766	-12.0015119891366	-11.9486601068709	-11.8038360039426	-11.9585284686593	-11.6651864658718	-12.0950673016071	-12.2381303506989	-12.134032708297	-12.2604394493993	-12.1635910677203	-12.298359623749	-12.3304168305037	-12.2818117781098	-12.1581194721424	-12.0404023260087	-11.8771903613931	-12.2173230516581	-11.8162079286116	-12.1665759420478	-12.2581681039354	-12.1254409506506	-12.5459055223137
-12.9554423404406	-13.2971727087985	-13.3954261968497	-12.9025904581749	-13.0210667201633	-13.1713028874341	-12.8216909515518	-13.3461290657748	-13.6274047539127	-13.2545455156143	-13.343855457587	-13.6452996066444	-13.4444378832369	-12.819563543811	-12.9705222036688	-13.0301118597663	-13.1321948019282	-12.6632215146417	-13.0107050311631	-13.0950673016071	-13.1860721176736	-13.0582305334267	-13.4448133406342	-12.9251423001647
-14.6598032691749	-14.4682846251913	-15.3107290322744	-14.5413033446737	-15.2470703950521	-14.4491758022436	-14.6517659501095	-14.9322843694088	-14.7950972214097	-14.4736628049178	-14.0618628940493	-15.1137854475496	-14.4468048977808	-14.5165310700453	-14.5832757704374	-14.7731392067197	-14.70040593836	-14.7091761479877	-14.8128547940894	-14.6495898544845	-15.1530837057197	-14.818006010501	-14.9612115548723	-15.1381360234989
-15.8830914962159	-15.4833240246554	-16.0143360294942	-15.4662762992656	-15.7580323143295	-15.7765377831816	-15.7229569979664	-15.5701121102502	-16.5896027212003	-15.4162965856109	-16.0064388554306	-15.6096404744368	-14.7722908120814	-15.3975899973218	-15.5978633066605	-15.9370024553748	-15.3672796368678	-15.0777392174671	-15.862182506453	-15.2190560188825	-15.5129157029751	-16.4408214102207	-15.353300721177	-16.3345332363024
-15.5881607470264	-15.1607395232917	-15.6148393811111	-15.5935806235407	-15.7282849709354	-15.9406137089272	-15.2478721150177	-15.6241400441319	-15.7377968259275	-15.4261108754378	-15.7301741397443	-15.1833757197347	-16.6858760602639	-14.985149609529	-15.6912542399905	-15.6536956545147	-16.58107132224	-15.4184989870848	-15.2118175305102	-16.2098374888531	-16.1003422436477	-15.3590970127862	-15.8795612658558	-15.5619437324055
-11.4265138746338	-10.9396207041804	-11.0294429218844	-11.1370557118119	-11.1907099727441	-11.2023905652182	-11.1923343314722	-10.9958656238999	-11.1621814974656	-10.8415587559002	-10.9526289195792	-10.6188273952832	-10.8974169543559	-10.8726748802706	-10.6504936416969	-11.0599064620266	-11.1695309532011	-11.1777946874714	-11.2108187800093	-10.8360164096918	-10.875969458183	-11.2388027790685	-10.8345397513838	-10.6906770465277
-12.9309200213066	-12.5507467853832	-12.8141964150049	-12.8780681390408	-12.6356356829698	-12.7149245927744	-12.9068075651898	-12.6283676825057	-12.5467169083471	-12.3682022974098	-12.3495918271361	-12.2216231890917	-12.2002495382991	-12.3617129609932	-12.2411697936124	-12.6564942878674	-12.7707952662514	-12.6554441640499	-12.6992439353268	-12.3881142765073	-12.4550071249471	-12.6347314553996	-12.3641254950686	-12.1546241462875
-11.6252937387483	-11.9943534368589	-11.4997628566644	-11.9359490551213	-11.9463900338688	-12.0897730019375	-12.7484419695212	-12.3107959926625	-12.1854888709577	-12.3389377029046	-11.9075074520627	-11.5769059458501	-12.2254281012951	-11.9278164344631	-10.7508441670293	-11.2986006956922	-11.8814987306576	-11.8022855523792	-11.815888854179	-11.8787493946803	-12.3578384659401	-12.2484529491022	-11.7651464159662	-11.706796711891
-15.5240104029111	-15.3278695060214	-14.742739610157	-15.1404542882738	-15.9438237212308	-16.0206424604805	-15.8893777590634	-15.5101048008859	-15.6926962141644	-15.466049620808	-15.5293213099251	-15.5762174728994	-16.1272477073562	-15.1545872963101	-14.7655907523985	-14.5485789487005	-15.194602975158	-15.4831080685079	-15.5031014131481	-16.1915752824604	-15.9729629371715	-16.956659550287	-15.3015181790745	-15.7970991056639
-16.0281418290192	-15.8670283171295	-15.6148393811111	-15.2748502286124	-15.2344703582725	-15.2950048721158	-15.558656545718	-14.8864806797956	-15.3265683153665	-16.0209548876729	-16.5952851814597	-16.1666969785881	-15.8329171710329	-15.1589790654272	-16.1141130572976	-16.4265181706129	-15.2760305745018	-15.3566597332669	-15.4982191917684	-15.1915752824604	-15.4550071249471	-15.7397010150012	-15.3647534153133	-16.2376716970499
-11.2825321404438	-10.9695609754076	-11.0734981019623	-11.0707132169832	-11.1655752770614	-11.0713944726227	-11.2619952094411	-10.9363173757214	-11.2356954217818	-10.8030846080855	-10.94609594974	-10.6384562020321	-10.8853272603605	-10.8436637936115	-10.9824355252123	-11.0165653279283	-10.9494561147581	-10.8282807609122	-11.0593149753877	-10.6453117423188	-10.8918890132692	-10.856596672257	-10.6989382648783	-10.5659812990784
-13.1028727040959	-12.982857798021	-12.7062137341319	-12.8302396139502	-12.6150743604874	-12.7731392067197	-12.7484419695212	-12.6650794608622	-12.9637679390636	-12.6990267927856	-12.670083689908	-12.265344566521	-12.4444378832369	-12.5221776331865	-12.7838214894756	-12.6919431238717	-12.4887598984875	-12.7599747475212	-12.5402544115656	-12.1326815934068	-12.3913910256511	-12.4789367827922	-12.7104034513717	-12.3881142765073
-4.357593944037	-4.43314557348591	-4.29792877559259	-4.42641298441001	-4.4700267338765	-4.49084457126876	-4.53930025873214	-4.44655474940111	-4.41218595485027	-4.346985552479	-4.34413937397752	-4.28234808691268	-4.35889972869167	-4.43885842141879	-4.41181359840456	-4.570792727585	-4.58196780314168	-4.64627885204158	-4.77434479165455	-4.61880481771936	-4.67841341181109	-4.46047490785299	-4.38005622539769	-4.33177588084371
-5.90521401780113	-5.95901332668465	-5.83251775379862	-5.93281394067399	-6.04721188400593	-6.04884002438965	-6.055753981523	-5.96578428466209	-5.94270067154905	-5.88790749224095	-5.90089185498708	-5.77373647232163	-5.9261384802018	-5.835118713667	-5.89148115628611	-6.07143894237268	-6.09686153925259	-6.18354461073144	-6.30568745388015	-6.17029261388943	-6.16821867949191	-5.9745015017632	-5.94412350180749	-5.877744249949
-7.43059934496599	-7.30037195152091	-7.07449054410459	-7.07879324649127	-7.18122923197762	-7.04884002438965	-7.20080431432628	-6.95340056020625	-7.02516283174102	-7.10090121557514	-7.26072793845062	-7.25436231322806	-7.42196047873442	-7.17652418305367	-7.00504371510931	-7.16917574406848	-7.16917574406848	-7.24243829978501	-7.28431380308758	-7.01961370139176	-7.06745570255699	-7.01889562112165	-7.21055648410315	-7.27671338060019
-9.57826784814715	-9.47152009423267	-9.18662625443514	-9.18406528959133	-9.32898285242131	-9.1541120674897	-9.28653418835217	-9.02157206284783	-9.12296761721282	-9.35869897304279	-9.33480938618409	-9.38401006157198	-9.61290326144581	-9.4434858187231	-9.20767288162433	-9.28420359377231	-9.43815495900688	-9.49845227794103	-9.37780043196569	-9.17294219230337	-9.22711236854548	-9.150999157129	-9.31203780196904	-9.41726377990899
-8.45173016024264	-8.47162806826564	-8.17183602115563	-8.34187550370041	-8.20728552894624	-8.21314362151511	-8.18385854940485	-8.30643958761835	-8.31508398669933	-8.74819284958946	-8.7230828809253	-8.87302714374223	-8.96578428466209	-8.30662084209951	-8.21352703854329	-8.12624895685533	-8.16346495250178	-8.03347109217366	-7.95268069738791	-8.13268159340683	-8.19653762791295	-8.33191218345998	-8.58991738266392	-8.75731423955801
-5.96838139614813	-6.07469554517646	-6.26295137541503	-6.18638342417548	-6.31543433280186	-6.4093909361377	-6.30336564386093	-6.33573389441239	-6.53694098585821	-6.7008871348111	-6.79463614195033	-6.71311885221184	-6.45519462575083	-6.21089678249862	-6.28919130847536	-6.27287387057382	-6.31024628983973	-6.44222232860507	-6.456486053873	-6.31950543262051	-6.66507267568442	-6.55697873909476	-6.7384930639128	-6.73131903102506
-7.22519057100294	-7.35898598270046	-7.53397857200235	-7.51027303539613	-7.61592525702693	-7.73131903102506	-7.55920454829053	-7.68096936279182	-7.89443444072929	-7.91901981732616	-8.12884256661613	-8.04990490582631	-7.76784490705018	-7.55300275932361	-7.62973508153007	-7.61592525702693	-7.62521043697732	-7.82555096815658	-7.72842601292869	-7.64385618977472	-7.89639822179088	-7.88359852930684	-8.0726994885786	-8.00885300655397
-6.04855174483211	-6.14635653030391	-6.07629673531501	-6.02344485304928	-6.03380270809074	-6.00729249256636	-5.95544234044063	-6.074241653387	-5.64890941750101	-5.71844550619541	-5.82553014989612	-5.9928044985958	-6.14635653030391	-6.24696603720614	-6.21704152271953	-6.08442878116071	-5.97166085099876	-6.07501335441685	-5.92810708151821	-6.10404572544594	-5.83499767712673	-5.56637743709701	-5.80095715085945	-5.93876111089554
-9.78094460920849	-9.89225524924012	-9.72717335276751	-9.78394596167627	-9.69913862527591	-9.7625699650095	-9.71840314313978	-9.74339186332564	-9.40455643273329	-9.38455450281726	-9.53160173611654	-9.65290132937773	-9.80531961246884	-9.91847856988373	-9.89652162222497	-9.75428017946838	-9.68913026953916	-9.7537338075471	-9.66293693134043	-9.92986471040714	-9.50922751594498	-9.30648958658008	-9.4432183210788	-9.66092970313367
-8.98143754897357	-9.26897581696786	-9.27737043532799	-9.20532498782894	-9.38444209961963	-9.25327173422042	-9.165862120111	-9.12928301694497	-8.21276628521051	-8.26965240800446	-8.38449744208433	-8.53533173299656	-9.19526613078486	-9.27276203808348	-9.31155912150382	-9.32757976266395	-9.31584175273325	-9.50635266602479	-9.34957084995649	-9.2606892057829	-8.23409363253655	-8.26917642811202	-8.47545865807901	-8.43433729326793
-8.05681936081571	-8.18699851480125	-8.06235754435714	-8.1189841388899	-8.24957725066268	-8.32922058745372	-8.04306620574838	-8.22538778509561	-8.4603197042553	-8.71022499939044	-8.90645014527968	-8.73216460790239	-8.44222232860507	-8.15157569156342	-8.04789868179564	-8.15378798045361	-8.26805385377898	-8.42146376843828	-8.26291646770231	-8.05970214804973	-8.28902930802144	-8.43833424259614	-8.70465946883692	-8.74685988192084
-8.3842856392445	-8.30430889008014	-8.28706383153184	-8.37723744659189	-8.44363789212753	-8.61267453452644	-8.32650214265887	-8.41168274764569	-8.58262380118524	-8.90019594303451	-9.13502114154526	-8.86775220170156	-8.67386875884116	-8.35303862742739	-8.28919130847536	-8.36285523741148	-8.4778462383358	-8.55074678538324	-8.49776232945152	-8.24221654571142	-8.47135933035453	-8.69448226284469	-9.01232687059912	-8.92986471040714
-8.71403795057838	-9.18974912581729	-8.80860095211136	-8.96041111256324	-8.77789273669033	-8.70578393891793	-8.75380847927098	-8.89321565871144	-8.55960158326939	-8.87372373167332	-8.96028829690724	-9.15842936260448	-9.31853750568659	-8.87832144341175	-8.73161469554929	-8.58643849252655	-8.75855167049665	-8.60121185236623	-8.456486053873	-8.73131903102506	-8.40918033909465	-8.53466857736967	-8.6762776674671	-8.90640573758315
-2.60797915344613	-2.31722109220983	-2.21686749341277	-2.21309160284446	-2.22746341088387	-2.22806117142314	-2.28605105855877	-2.21705897703341	-2.33205231216107	-2.5066068630197	-2.55445119650451	-2.47643804394299	-2.44360665147561	-2.28630418515664	-2.2192424309128	-2.14839183989267	-2.19835340976883	-2.20645087746743	-2.20564105704712	-2.177826868903	-2.46576386746101	-2.34701907585019	-2.44122702325971	-2.46185835603184
-3.75436864042765	-3.53492181822156	-3.4521844808387	-3.43382097495826	-3.41142624572647	-3.43538614467065	-3.49835466227163	-3.4537179674429	-3.53928492632651	-3.68929916053589	-3.8022978436584	-3.7414810752887	-3.66792394973655	-3.48735170409473	-3.41977541828551	-3.3437875288511	-3.40646160509903	-3.43440282414578	-3.44268025434797	-3.4223299918452	-3.67849319144674	-3.57109984733941	-3.71274349250089	-3.67448780842839
-8.69240793460683	-8.69961017129773	-8.69240793460683	-8.74647125625761	-8.80189819970112	-8.84379376028348	-8.71403795057838	-8.6392834599849	-8.76810361682239	-8.99973161658543	-9.1854260949825	-9.12658049656514	-8.85357478107606	-8.77991773935075	-8.75186337939309	-8.721858701776	-8.90829879000133	-8.95381164299601	-8.92426501522382	-8.58913902006566	-8.68011207514856	-8.79696522044594	-9.0726994885786	-9.11240919838057
-9.41938944020042	-9.50892660968862	-9.3842856392445	-9.43941643785178	-9.43610421944212	-9.57519982910778	-9.40524525788015	-9.29201251698308	-9.364104388996	-9.66412858480099	-9.8192981961846	-9.77595972578207	-9.59381550727513	-9.3728289931874	-9.38082178394093	-9.36285523741148	-9.51598136722257	-9.64385618977472	-9.66293693134043	-9.21674585819531	-9.30892886545915	-9.59110452299938	-9.87697501770423	-9.82717904643258
-4.81745551202657	-4.91155197297838	-5.04961587546556	-4.9059027865724	-4.80911537992204	-4.80091251094606	-4.6391491870972	-4.78759166723617	-4.8701320455984	-4.89641899209646	-4.97457740312009	-5.10747386949863	-4.9745015017632	-4.96517925423137	-5.00504371510931	-4.84186445248421	-4.8126106475091	-4.74668074899942	-4.68061473978484	-4.67638209329617	-4.61637545335262	-4.82660280665088	-4.82995248188818	-5.03295689986994
-6.65226842959092	-6.71540945079976	-6.82194851208844	-6.77839831315355	-6.65268004016173	-6.56532278722803	-6.54369202784929	-6.63394072090964	-6.64385618977472	-6.72238959232141	-6.78035818967959	-6.85989311607135	-6.74277121584741	-6.8077422747357	-6.84065689720843	-6.70118936484068	-6.58871463558226	-6.53210783212227	-6.53047439035698	-6.51221218396425	-6.38652414330511	-6.64385618977472	-6.61654884377899	-6.86624861111117
-13.1028727040959	-12.8868887394903	-12.8830914962159	-12.9700972775332	-13.2449627320901	-13.5243186601056	-13.031614020926	-12.952109347765	-12.0171311646623	-11.8313340848897	-11.9288179583081	-11.8740844505253	-12.450362717194	-12.8999822262663	-13.1631672816111	-12.7430819728635	-13.0503177948738	-13.5081024479747	-13.3633766494815	-13.2998870934956	-11.5816134413267	-11.845569650108	-12.1722351621295	-11.8382342349416
-16.2367284508306	-15.1493518940631	-15.3107290322744	-15.5259825453899	-14.9889658769963	-15.9120012004767	-14.9972625161353	-14.7827893767534	-13.6531678499777	-13.8248281210303	-13.9724072268558	-14.2854599278181	-13.4803574574918	-15.190101582923	-15.2782829666295	-14.9133788508489	-14.8903768820041	-14.3667839505406	-14.2339668077779	-15.2283338324705	-14.1040462124111	-13.9315685693242	-14.0712205596527	-13.6527091963287
-12.3476549200057	-12.5461004205269	-12.5980525001616	-12.5586737011549	-12.7264011468929	-12.9477378292446	-13.5669961370283	-13.5487582322898	-12.5917185664395	-12.6277878211471	-12.9107429211041	-13.0342640225449	-12.1371527029741	-12.4624867806532	-13.0639374041629	-13.0706831429801	-13.2690967013821	-13.3369558985693	-13.7932404127762	-13.0904800321114	-13.2311288511831	-12.8047708157688	-12.5489101269036	-12.6544947102211
-8.1990289840462	-8.29835962374896	-8.66266059121278	-8.67872664962178	-8.76367887747062	-8.69067704652772	-8.71840314313978	-8.57237680135479	-8.39433659041541	-8.06412220385538	-8.28496176853342	-8.05289494843213	-8.11660918690986	-8.38483484644755	-8.45357812637624	-8.76840128771303	-8.82083594875099	-9.0717749803503	-8.85924522337341	-8.92396410896746	-8.62087287177389	-8.42459418596984	-8.22538778509561	-8.15324291588915
-8.49976285666444	-8.57212043617581	-8.80860095211136	-8.79825379836016	-8.94425112311245	-8.83823423494158	-8.82263051201542	-8.8241231354385	-8.6621312481693	-8.36230169597013	-8.56875473453401	-8.38835545662634	-8.4021954347335	-8.5643358501312	-8.6581168828999	-8.93360387891294	-8.85301635450014	-9.08477232087918	-9.01942224826416	-8.88905849401926	-8.90899825857051	-8.78814137005894	-8.5167994534599	-8.42597382033331
-13.4524571418861	-12.2596980033799	-12.9068075651898	-12.6190919497814	-12.8116133545343	-13.0532471259124	-12.7919436081577	-12.7336108425331	-13.8211445796305	-13.8861581096342	-13.7866379473487	-13.3219280948874	-12.8833221244701	-12.1556839858657	-13.1204176341518	-12.7209429955943	-12.5791751937098	-12.9561982358329	-13.0281924578919	-12.5101048008859	-13.2461931101112	-13.4676214695644	-13.8471397881635	-13.8444623453148
-16.269149928523	-14.7663659781243	-14.9309200213066	-15.1919138876303	-15.2261310573597	-15.5975676421362	-14.9084025847451	-15.0323315462591	-15.8211445796305	-16.1370519525958	-16.7361728803657	-15.6789031368739	-15.2173230516581	-14.6066379862753	-16.0727722619167	-15.197317359855	-15.1300902136032	-14.5278463832732	-16.9263128438727	-14.9008318927586	-16.1003422436477	-17.1881501739199	-15.437173278432	-17.1035788014626
-13.7481928495895	-13.2570155823265	-14.6283770370184	-14.4707901059889	-14.9870529014157	-15.3474470450424	-17.1527827994633	-15.5607308739559	-16.2347131885321	-15.5626429948996	-14.8877817726608	-14.5351622584775	-13.8683359445463	-13.4845130869832	-14.3490287308699	-14.8651997597085	-16.2690967013821	-16.1423084677158	-15.5826734268365	-15.2969309095788	-15.7531320680263	-14.8683359445463	-14.7343362218861	-14.4127080380913
-11.1189410727235	-10.4158172052971	-10.653436703094	-10.6778445370655	-11.2188735032215	-11.0687879768082	-11.5737634381082	-11.4968079782724	-11.605233372914	-11.2877123795494	-10.7212225388998	-9.95455702923883	-11.4180731792375	-10.8392518787332	-10.6037398729971	-11.2397070066386	-11.5228677528078	-11.2116094004637	-11.371723992195	-11.2606892057829	-11.9140692481179	-11.7194286199749	-11.1460512303259	-10.8902085100554
-12.3086213693124	-11.9414738772559	-12.0802239651507	-12.2348604972837	-12.561635101526	-12.4410631564562	-12.7772968321933	-12.57150534555	-13.0046402204791	-12.4101963860744	-12.2178475726749	-11.4204336398398	-12.7098393036146	-12.1556839858657	-11.9752757336394	-12.5814435826062	-12.6988454243724	-12.7433918633256	-12.8083156344742	-12.6668303045734	-13.3089288654591	-13.3280701171656	-12.4705764366993	-12.1057145458066
-7.93497823788091	-7.90350000640774	-7.76731274362073	-8.09818282016763	-7.96849866935912	-8.08252491843467	-8.12762331582331	-8.11334147307594	-7.52017610337881	-7.72198297026661	-7.6111900008544	-7.81857935971986	-8.10196241094545	-7.69276579025567	-7.80640920256069	-7.78984553945209	-7.89149050231477	-7.87832144341175	-7.91661144268039	-8.16711509047071	-7.56796134073544	-7.60847497413843	-7.56368584109074	-7.75731423955801
-8.84632061806052	-8.68401331624671	-8.47739504363598	-8.77920804266961	-8.73566450130103	-8.76784490705018	-8.88015421313639	-8.75818886525372	-8.2801655704961	-8.55915902519944	-8.41800670427458	-8.70839644196944	-8.87333803589749	-8.44641012556851	-8.55222571430916	-8.55346117008028	-8.63683576209695	-8.51952805477252	-8.66293693134043	-8.93578954436425	-8.32572410800212	-8.38414214223254	-8.37701016999091	-8.45121111183233
-9.6668728424997	-9.82229269107256	-10.165862120111	-10.5642679250369	-10.2931462656001	-10.3152514031477	-10.3432583709844	-10.1486483418119	-9.27390658002442	-8.98265810322648	-9.07439478259376	-9.21759143507263	-9.39503564316063	-9.49763544892368	-9.88529436680172	-10.2008877577481	-10.3738013562632	-10.2331532807598	-10.2309263534579	-10.2414825365168	-9.76003561944551	-9.30020332373265	-9.0726994885786	-8.98408510140503
-9.49976285666444	-9.74743869638834	-10.0186361669278	-10.5496705488239	-10.4256227355738	-10.3962605152089	-10.3298378552221	-10.0361736125535	-9.22478881345973	-8.84258521986441	-8.94392485069835	-9.07096652135414	-9.27846006631125	-9.38885910300635	-9.7879971654468	-10.2008877577481	-10.2891792785481	-10.1177873781071	-10.0751316808504	-10.0924177231931	-9.732899489508	-9.18569144260894	-8.97152065421123	-8.81075349851947
-12.1441215259206	-11.9908208355994	-11.8089492826602	-12.0554721722567	-12.2231996179947	-11.6760942468272	-12.0532471259124	-11.7295292099439	-12.0840565207946	-12.2177780887351	-11.9301603749314	-11.4097731576371	-12.0554214971468	-11.8168829285922	-12.2637069165387	-11.9960782069757	-11.9397890761291	-11.9144238627435	-11.8126927754424	-11.8207818959966	-12.3848110676545	-11.8204014674826	-12.1393896325923	-12.1927639754942
-13.2382437032851	-13.1264314725164	-12.8773362576405	-13.0018035074631	-12.9037973977664	-12.7196632617646	-12.982857798021	-12.8677086273773	-13.3254320454986	-13.2499927136003	-12.8210127604481	-12.4493015218237	-13.0045403281446	-12.7519933978481	-13.3369558985693	-12.8265784656812	-12.9397890761291	-13.0974899638739	-13.208277912055	-12.7368430774967	-13.3848110676545	-12.9348313563332	-12.9750028146915	-13.4873847243858
-17.6305494641998	-16.2523184730143	-15.8706005520327	-17.0654430078136	-15.6819293352437	-15.7495707355813	-16.7285815471603	-15.9215844807516	-15.3390592595497	-15.5655852943589	-14.6068898634208	-14.9266458907551	-14.902687449337	-14.9581103567767	-14.7459619456496	-15.1811071326737	-15.2713842096454	-14.7818214498195	-15.1607780975097	-15.4710352362073	-14.4526439875786	-14.7047411766474	-14.331891828118	-14.3395513110691
-20.308638218404	-16.5007061028836	-16.0281418290192	-16.5567885921711	-15.7822798605762	-16.8721900222452	-16.0212224150794	-15.8454534115356	-14.8777281079969	-15.8861581096342	-15.1754579258913	-15.3664664909639	-15.2417760953826	-14.9391022420096	-14.7011740239028	-14.9506773922719	-15.9522421375889	-15.5623347596585	-15.2772200057318	-15.3959337809666	-14.8098271013918	-14.8094099868126	-15.4731782318875	-15.1425144640095
-16.0212224150794	-15.833605315592	-16.9341656808102	-18.4938320217862	-17.2512442124802	-16.3345332363024	-15.1361245098922	-16.0246779737157	-16.1920829831795	-16.058625305639	-16.2336725398366	-16.6209557876646	-15.7198233921872	-16.0166851829621	-15.7201988495845	-16.0428710904816	-16.586370695114	-16.4941632570169	-15.4597450439538	-15.4276426406939	-17.7395818053521	-16.0753040467856	-16.3107959926625	-17.990335977574
-16.9084025847451	-16.6575749515005	-18.3905494161906	-16.6533618518661	-16.6762382231658	-17.2756395472489	-15.6951585456229	-16.7414303469924	-16.9366217970505	-19.0835716627692	-18.67037082197	-18.1159931404616	-16.6747355026587	-16.9151316795135	-16.5745935273376	-16.1730698136083	-16.194602975158	-17.9047685099805	-16.2647290615486	-17.1988524481593	-17.7511511940642	-16.397232141673	-18.430766516267	-16.8809424962542
-13.4017476227955	-13.3839276948088	-13.7309467706589	-13.7770972202884	-14.0014081943928	-13.516846378765	-12.8103906020163	-12.7465222808572	-12.5359307882538	-12.4386542776242	-12.532824877386	-12.9187868051249	-12.2877123795494	-12.7926353823455	-13.4734578984742	-12.8750188207389	-13.1366464053585	-12.7586880504222	-12.7996954349135	-12.5767085792472	-11.7431479794537	-12.6969675262343	-12.5767085792472	-12.2489799850607
-14.0963260148242	-13.6271988458211	-13.7183467338793	-13.9031326294069	-13.7264011468929	-13.3814945258701	-12.945187380055	-13.1188933153333	-12.6750935359254	-12.9336600816064	-12.9982057623545	-12.9715282671969	-12.5699946699765	-13.3673295476128	-13.5761435624487	-13.5544989202444	-13.384573918802	-13.7654139136105	-13.0692138743175	-13.1065996974747	-11.9640779627117	-12.8945674861194	-12.4124081269988	-12.4539617228484
-12.8830914962159	-12.4898177867409	-12.3842856392445	-12.8780681390408	-12.6635147155452	-12.8249781382393	-12.3898451645864	-12.0604211588002	-11.1996562028843	-11.2114767937224	-11.4052560022511	-11.3928946162415	-11.3723602051927	-11.6907772371622	-11.7306096832893	-11.8194328589936	-11.8250854217523	-13.1833757197347	-12.0194222482642	-11.7395866470087	-11.509227515945	-10.9053790453433	-10.737515296989	-11.0126051414151
-15.1855497269051	-15.11883546754	-14.8862312037465	-14.7186276233323	-14.6397833476595	-15.9422158135237	-14.5387569882803	-14.5728999276218	-13.9303080231183	-13.4534495840283	-13.7391816302381	-13.615287037578	-13.8282807609122	-14.1349881188607	-14.4823860892405	-14.1630857250357	-14.8073211422765	-15.5278463832732	-14.4432299571707	-14.3097013833225	-13.8235020382889	-13.2196939561208	-13.0751677441693	-13.3623511804422
-7.31384923012668	-7.54076269681062	-7.95419631038687	-8.00403175401905	-8.01944441782169	-8.52905171428392	-8.44716427876963	-8.33639857769569	-8.37272810189459	-8.09158230775974	-8.00199129781909	-7.59596149967041	-7.47183272244841	-7.6314190865365	-7.62283840850564	-7.76910745270064	-7.88277450820205	-8.14735458986698	-7.81452657745986	-7.96430383810746	-8.2058727588298	-7.9226711782991	-7.30527075093375	-7.57378295564822
-7.26031983370988	-7.54574610432488	-7.9398410174098	-8.04037360108277	-8.18842058987045	-8.35673616541662	-8.32951269011535	-8.29964002768558	-8.46651024821521	-7.95407878400981	-7.8013974667612	-7.66223471908958	-7.3745355210935	-7.58871463558226	-7.66518469921524	-7.52294686543124	-7.94619988834368	-8.35707318116832	-8.25893867887222	-8.00939172763599	-8.21443477233323	-8.06898956678908	-7.48813480808356	-7.52851822191244
-8.28382545746529	-8.45168265785414	-8.59688532356254	-8.69648312042593	-8.87131960065859	-8.92396410896746	-8.86072368318749	-8.84503212520148	-7.49812173696768	-7.58040675890348	-7.541826407127	-7.50225991139091	-7.94472266913426	-8.40506933018761	-8.54337479672689	-8.8461410376626	-8.78417747817214	-8.8896813055763	-9.01396781817205	-8.79451285751226	-7.06946293076376	-7.66591311064792	-7.59212502661557	-7.44909105995796
-8.11318180343482	-8.1357092861044	-8.40173077370391	-8.46201786678891	-8.52521169327611	-8.61267453452644	-8.58887033049842	-8.53792274502566	-7.53694098585821	-7.41859082681668	-7.63945772587721	-7.43440282414578	-7.80769441965674	-8.18968029658892	-8.38476896845759	-8.61592525702693	-8.50315732686498	-8.73312352787181	-8.74640375385775	-8.55226301783062	-7.1052636521916	-7.68216900140584	-7.61438928083406	-7.48339151758148
-14.7370597010846	-12.4629511808882	-12.7131664947736	-12.6395560523411	-13.3206270020222	-14.1057145458066	-14.0811231207054	-13.9575637778571	-13.5896027212003	-15.0701209444768	-14.1077880993535	-13.2877123795494	-14.5397563803243	-12.9184785698837	-12.6037398729971	-13.2137117981057	-13.1641376944309	-13.6789031368739	-14.0405610153223	-13.2636669055828	-14.4338769581831	-13.62213141862	-13.5235253166482	-13.3751752207998
-12.7846016328166	-11.4029931649396	-11.9845886861001	-12.1249828795113	-11.9463900338688	-12.3433263547604	-11.9637099564242	-11.653967505742	-12.6793993915509	-12.517579921448	-12.7742409211993	-12.3989691306512	-11.982857798021	-11.4531359887568	-12.1047075510631	-12.1335414494217	-12.2472333101944	-12.1502088557995	-12.3358959130594	-11.7520775911919	-12.3578384659401	-12.8237652797897	-12.4512111118323	-12.8338019886263
-14.1028727040959	-13.0612844449778	-13.4524571418861	-13.2245185530623	-13.3887985046638	-13.1491071413199	-13.0143360294942	-12.8387275483473	-14.0079605787707	-13.8609795466382	-14.2658529455857	-13.4803574574918	-13.1952661307849	-12.8908222269809	-13.3358066677505	-13.3772105303886	-13.3847368339443	-13.194602975158	-13.4084645390101	-13.0635890701339	-13.5528544483452	-14.0380055053626	-13.7012240245973	-13.7412458709304
-12.7413175350878	-11.8940485310632	-12.3459575205854	-12.3937996379391	-12.6847833322988	-12.9927055839774	-12.7772968321933	-12.1881767059985	-11.5527659530199	-11.2382437032851	-11.5496459115863	-10.9434164716336	-11.6438561897747	-11.6096404744368	-12.1204176341518	-11.8753892649676	-12.3475838355268	-12.9092007562957	-12.7710346183948	-12.4546096882942	-10.5481165293386	-10.3643336611524	-11.3020962977121	-11.2196341375201
-15.5338246927381	-15.1255613307283	-15.1249552021741	-15.8365258767976	-15.6314999084006	-15.2998870934956	-16.035094589661	-14.6890749419312	-14.6847034234108	-13.9644428665823	-14.5609144346204	-13.8530841519127	-14.7055814696115	-14.8981455677867	-14.8022855523792	-15.5563984531598	-15.0523090926928	-16.1589790654272	-15.1530837057197	-14.8249781382393	-13.2877123795494	-13.597256749981	-14.1627541091186	-14.2541598198384
-12.2591432273527	-12.065319958213	-12.6187508928815	-12.6123345836061	-12.5164463277597	-12.8338019886263	-12.5486724571454	-12.6576619892998	-13.1621814974656	-13.5710191804095	-13.4384923317251	-13.1278410427711	-12.7827181835317	-11.9998461207357	-12.3236319538044	-12.2188735032215	-12.2358734480298	-12.355399187061	-12.5153797429266	-12.1769055936635	-12.9511162348733	-13.267949124728	-13.4448133406342	-13.0429787904586
-9.47635676000651	-9.09861996736918	-9.35773817082789	-9.3063552909669	-9.35089528682756	-9.44336325000964	-9.3364822449302	-9.24096412035797	-9.18919161637517	-8.84196841768827	-8.87539804820498	-8.96122600269978	-8.99763315070143	-9.11709360793705	-8.64688388247229	-8.69712133987491	-9.09101644119547	-9.33757700554252	-9.27731720818707	-9.16904839362448	-9.3992497358532	-9.13533206161777	-9.15798620639123	-8.92034833002995
-10.1912960478427	-10.0567579447096	-10.258202497277	-9.76026568189004	-10.2317480215346	-10.2950171801727	-10.2385776569582	-10.085828137428	-9.60422911565401	-9.72296914557225	-10.0326023912346	-9.69465619678196	-9.8712974178068	-9.65766198929976	-10.0530581059265	-9.87922646510938	-10.1778073760264	-10.3202529076234	-10.4089140909703	-10.1656417921812	-10.1053130499531	-10.1627475191982	-9.54378283763348	-9.75611893425165
-7.40596743211511	-6.9425946572902	-7.14684138832927	-7.3063552909669	-7.38962768131627	-7.63513897267362	-7.519676778554	-7.3363985776957	-7.36267443723067	-7.14049190824069	-7.20721643601067	-7.14889514619893	-7.04426812529341	-6.92574962285983	-6.89424321932532	-7.12928301694497	-7.26206198253169	-7.33274385180658	-7.35814828280012	-7.27701340296544	-7.4930100290628	-7.21829351063317	-7.04961587546556	-7.06959307863259
-7.62835985345156	-7.52099944198919	-7.66731516259871	-7.80333440378192	-7.6467855208134	-7.82695657996477	-7.78568888418768	-7.49878081692075	-7.64995638931114	-7.61189185013865	-7.61919413554046	-7.52137218324973	-7.32824186881956	-7.38708077441261	-7.42276057305673	-7.50607304686685	-7.53929026994824	-7.91288933622996	-7.66790166374138	-7.77073425193676	-8.01429515784391	-7.61398566019259	-7.43348073321349	-7.47386414704237
-8.19494382485786	-7.99275133226236	-8.50002041720107	-8.83490448278279	-7.92396410896746	-8.55074678538324	-7.77381478389939	-7.37411824364485	-6.77771193650952	-6.96138358463304	-6.83295220063605	-6.94388480309072	-7.31313497642936	-7.68825030913318	-7.65295839688198	-7.41401249387808	-7.50307008203549	-8.78856120122776	-7.75536450499172	-7.43720783163614	-6.7271689454992	-6.89726457130055	-6.96578428466209	-7.13593557346129
-10.8094254124991	-10.3456323554786	-11.1584293626045	-11.0403736010828	-9.89720765072506	-11.324611962361	-9.77381478389939	-9.75205672445277	-8.92823153877923	-8.97758553689444	-8.86521256435865	-9.06662497416892	-9.22378749083407	-9.94408921356277	-9.58750533539336	-10.0677389276769	-9.8160834521151	-10.1678671871927	-9.60852311666244	-9.44441360136899	-8.56235807575353	-9.06090722049122	-9.2048193712011	-9.26920210432475
-7.04751346120263	-7.18539641020475	-7.00559546289352	-7.11592463408995	-7.01187119811689	-6.81706377520634	-6.88118488141604	-6.57360399367763	-6.36267443723067	-6.26150730920206	-6.18442457113743	-6.18830353075717	-6.33585505292944	-6.69794370533702	-6.64991794256193	-6.74911597751318	-6.81460300556047	-6.92012090546104	-6.66185261906857	-6.33801447509737	-6.43682719366967	-6.22054245113673	-6.1740262176555	-6.19217968410091
-10.7599567362348	-10.1722351621295	-10.3577381708279	-10.3440163429424	-10.9570318106531	-10.3434218121357	-10.2649289839052	-9.75454198784236	-10.1927494357884	-9.6339004710724	-9.52914453089803	-9.27144476605741	-9.84498614069095	-9.88679598851526	-9.5805413876436	-10.1774502994055	-9.90781105913938	-10.5886547739594	-10.0050642723239	-9.90772030974109	-9.79168917791912	-9.52902919065033	-9.53225044176585	-9.23425940734339
-3.28805322924934	-3.27462238010901	-3.26769578320366	-3.20645087746743	-3.3514925524295	-3.29307323221518	-3.40248444893576	-3.2326031653234	-3.23625675398009	-2.98305785098157	-2.94628941325523	-2.62947076186066	-3.12770888144686	-3.3471286490125	-3.09565223906369	-3.3405038241425	-3.456149034648	-3.46332796161673	-3.34294587615645	-3.29842134200273	-3.67379930291727	-3.21717035367423	-3.08498291792223	-2.89248153659701
-5.64229904440943	-5.64385618977472	-5.58962387809102	-5.59168836390947	-5.80630181723222	-5.8319285379273	-5.91338923290726	-5.68474502088759	-5.71401726119213	-5.41601725825768	-5.32192809488736	-5.10214688700745	-5.60041692850983	-5.839180367913	-5.43841383736821	-5.82730233087066	-6.03607091866862	-5.90569383482576	-5.96466692688772	-5.8051052432582	-6.22088979447052	-5.66667208502694	-5.51058965891126	-5.35303369512822
-8.85486838326024	-8.87518173588118	-8.52123690311077	-9.08674726306423	-9.43752237142058	-9.75972206426622	-9.97935630423562	-9.63983032896567	-9.58306450565597	-9.19111798131066	-8.94418203017688	-8.55531951517307	-9.04676485803231	-8.95180005522639	-8.51933383275178	-8.62248253898216	-9.11268435849347	-9.06168999763667	-9.15332849091162	-9.40170915041476	-9.7713333546365	-9.45302316361866	-8.83251775379862	-9.39761278724684
-11.1411725684169	-10.8877817726608	-11.080776806952	-11.6282833858543	-11.1233255616486	-12.548999123097	-11.9284481333891	-11.6583266725831	-11.4115840377116	-11.7056911541404	-11.6240929349533	-11.0666249741689	-11.289288234475	-11.2939713700211	-10.6590585964184	-11.1457414396781	-11.8490436508895	-11.9244773105052	-11.3689476836526	-11.7850377899663	-12.5711282853813	-12.0852913791182	-11.3033092346005	-12.2090431217346
-6.02501882341555	-5.8893645430235	-6	-5.86229315089691	-5.74852210255758	-5.88950851738028	-5.84968373820204	-5.89999598253011	-6.04878366140873	-6.11786899928002	-6.15532345173666	-6.21067134378562	-5.99924420060741	-5.89755273102918	-6.08022219849408	-5.68757756720404	-5.73193534789064	-5.80855267641523	-5.55429080497874	-5.98667165113591	-6.16380869926326	-5.89367130657654	-5.95227399825585	-6.15086381498867
-6.60087911702945	-6.2388723551598	-6.38373337936083	-6.2649144889978	-6.34850869399068	-6.38568753911275	-6.20670028451116	-6.37411824364485	-6.4964258261195	-6.61189185013865	-6.55639334852439	-6.68085039725693	-6.5464220388691	-6.35605387879199	-6.37931031702333	-6.14661289548288	-6.15514677861518	-6.32312584924498	-5.96280658486219	-6.30250747270765	-6.54876047235281	-6.31350181704429	-6.53915881110803	-6.62051400599321
-5.75389073553542	-6.02023206868446	-6.0962153152593	-5.96159648769865	-6.28780383117009	-6.13366145745554	-6.18491586861907	-6.13881723335052	-6.14889514619893	-5.75054538992468	-5.79793361145763	-5.64842891956455	-5.57616938226315	-5.65011518024641	-5.71197891069418	-5.53716072465094	-5.62265169778816	-5.79021661740582	-5.54035161402086	-5.46834634344505	-5.82867506557663	-5.50854938520199	-5.37566007882515	-5.48193142831048
-4.7674055420099	-4.20398683751595	-4.26489714985098	-4.28330680086006	-4.3307339922627	-4.46585788779673	-4.36581573888836	-4.35985755051968	-4.35269034865805	-4.36064050122131	-4.47946937187384	-4.40331642172802	-4.41293903339485	-4.23703919730085	-4.214149001699	-4.22382865345197	-4.33845399197824	-4.41463846870214	-4.36427438559696	-4.35488829366176	-4.39000633691668	-4.40261594045292	-4.53915881110803	-4.38419462661468
-8.52144464953505	-7.98596216659972	-7.94700080898267	-7.91361645879683	-7.87505450848651	-7.97308908528532	-7.89077093024524	-7.95431150021814	-7.94763693795183	-8.10770197312302	-8.0924462487646	-7.91788959455778	-8.04843175023494	-7.86624861111117	-7.84821468828091	-7.88794368221049	-7.79257669923047	-8.1991935213866	-8.03915747099231	-7.85738863419094	-7.80585229519168	-7.93739268400586	-8.21954087690787	-7.91596988951938
-5.04751346120263	-4.27980261921469	-4.35131190166846	-4.34447066353845	-4.56693221312418	-4.4594316186373	-4.50610708000992	-4.56267443351937	-4.71881824745595	-4.49995607675758	-4.66420925173089	-4.63324251574987	-4.44688636531818	-4.28493388740516	-4.31288295528436	-4.34988215645836	-4.3857597067566	-4.50689697655412	-4.64087848997483	-4.32489355336392	-4.52993659806115	-4.49487444830491	-4.65945304482574	-4.54391831520618
-5.22260016776072	-4.7405322091864	-4.39960745870924	-4.49395156221367	-4.57388497376595	-4.7340539987463	-4.59472146718348	-4.63238340533078	-4.68710938772861	-4.62488268865841	-4.77902965373275	-4.85311933916754	-4.69352633290131	-4.44575668174022	-4.5544376337077	-4.54432051622381	-4.62427179345632	-4.64236039384924	-4.79784783631323	-4.49481855480624	-4.83361298839229	-4.73897912560385	-4.80797556953583	-4.69983645865462
-5.34390646398286	-5.55325364099382	-5.32192809488736	-4.89852712267389	-4.82442843541655	-4.97859206096271	-5.10649962130068	-5.30191020131041	-5.34030662420222	-5.45415238714445	-5	-5.14458215332785	-5.32824186881956	-5.53415553679259	-5.20854629546962	-4.90075145851111	-4.88083670396056	-5.08507031161264	-5.03133796653301	-5.08983472019132	-5.62661261747283	-5.56458342011632	-4.96384648042059	-5.1253663317511
-5.94605547552069	-6.14891914332201	-6.00186274401719	-5.52580042825301	-5.48601221774061	-5.61500132710254	-5.71019868460342	-6.0675585501807	-6.19944408836237	-6.06183496436569	-5.73696559416621	-5.97993034115871	-5.93616551798403	-6.33069830451509	-5.97374557036477	-5.50887168021952	-5.4648312777478	-5.67869461327615	-5.71722937610494	-5.76750313067375	-6.07342246280615	-6.06090722049122	-5.75005559360665	-5.75253621529793
-1.42024015562351	-1.68449817427207	-1.64131335510252	-1.7538394127306	-1.56173954390386	-1.55896729218821	-1.70314392706947	-1.57634937041645	-1.59412250000663	-1.59972921143007	-1.47427670265352	-1.55782637078364	-1.43832435181476	-1.42548428671396	-1.49696601972333	-1.53359410963075	-1.49267491067311	-1.46994584038123	-1.56131123265651	-1.55273853073542	-1.51995250948853	-1.59708605980365	-1.4348221512933	-1.50915289704551
-9.49422318080002	-9.3933437041956	-9.286985397906	-9.52168431978078	-9.33002753911504	-9.53336470715501	-9.46042617817855	-9.20993722473734	-9.46435857736016	-9.13387402947618	-9.36024090651848	-9.44513659742264	-9.08902608250389	-9.12056579984386	-9.53944919404886	-9.23374887911579	-9.4584591953352	-9.46293185260196	-9.07890364978506	-9.27701340296544	-9.15554108327966	-9.23911720817004	-9.29159581403668	-9.05187130867281
-5.89324505497329	-6.13758901932262	-6.11625306849585	-6.33767083143311	-6.16513373733454	-6.44539378523701	-6.33386471465506	-6.42517090976944	-5.53824600181413	-5.9359769776345	-5.81533665771908	-6.13813674406267	-6.15438505054372	-6.01582496716168	-6.07817727250906	-5.99963091415629	-6.03607091866862	-6.23933291223982	-5.85191299334997	-6.36706300760786	-5.69835957433823	-5.65597974885721	-5.77023347554428	-5.80049267209944
-12.8319679811502	-14.3201338572418	-14.8325177537986	-13.4628892799146	-14.757422784961	-14.76326366355	-12.6566647920657	-13.7525534347489	-12.8545275335603	-12.5478114943587	-13.1067743853847	-12.8545275335603	-13.6310611407592	-13.3192824585503	-13.0928006946351	-12.8460069298085	-12.7461173881378	-13.6967759777837	-14.7308421858576	-13.1280275003815	-13.1525763019262	-12.8734296252739	-12.7141710579081	-12.6833711454541
-14.6668473318433	-14.2770651353499	-14.1758194994786	-13.8030846080855	-14.1833076664768	-15.7960535986677	-13.8445825732413	-14.1795635756938	-14.7007221974813	-13.7234658558684	-14.1799090900149	-15.733512132599	-13.6230904296506	-13.0467042800457	-13.6817320975592	-13.6653014651777	-13.2360667739987	-14.724868284813	-14.1458796851365	-15.7725468457831	-14.7748749539203	-15.7456356916815	-13.3286203231297	-14.1230935089159
-11.2281956306542	-12.274415556936	-10.5712524408179	-10.9326174207269	-10.8505321893524	-11.2097098675482	-11.39712359627	-12.3570222498215	-11.2620704962923	-11.0105457356688	-10.0890556595638	-10.6597706791381	-11.0838888840518	-10.5839136493184	-9.83849017838909	-10.2208428949189	-11.6249203414739	-11.6025492156178	-11.734900402432	-11.2642056266648	-11.1473205764747	-11.1942257506713	-9.63457837618671	-10.5141077789883
-12.8274312005534	-12.5221776331865	-11.0682315536329	-11.6916093212231	-12.2530166382882	-14.1409650115559	-13.2556511703172	-12.7387097846108	-12.684602532118	-12.3849412504503	-10.4487258484427	-11.3309655775033	-12.6211046137268	-13.3034110659074	-11.4627503043854	-11.5538261783152	-12.4419080190713	-11.9838558575841	-11.0967449625452	-12.9003407793755	-12.9559876359951	-13.0905471045697	-10.2993941845971	-11.1668148863453
-7.92886896470401	-8.42605103793393	-8.91155197297838	-8.91361645879683	-8.86137957158944	-9.24287673148338	-9.26326784953524	-9.07802554923176	-8.57840312828611	-8.99547041520674	-9.13901665936803	-8.35269034865805	-8.38502789491114	-8.52982094652869	-8.56442172228032	-8.47290618293165	-8.76372183655829	-8.77538581248003	-8.9807656762005	-9.00026071588387	-8.66423768977275	-8.73736807569787	-8.71052722942001	-8.7251475471838
-10.6811013155235	-10.40960468457	-11.3964186389919	-11.889548698835	-11.3489856968189	-11.4252159032994	-11.7410779974874	-11.4425979815276	-11.694656196782	-11.3975688587781	-11.21643496604	-10.8545275335603	-10.7937608173358	-10.6985922533546	-11.4290015130309	-10.4046001695407	-11.4040114113128	-11.178233902751	-11.4252159032994	-11.0418132053284	-10.889761300707	-11.4154399808105	-11.1902465701138	-11.2747975672183
-9.05578107718623	-8.99275133226236	-8.790697578104	-9.07916608407983	-9.02705760193156	-9.36248014795142	-9.24348200742923	-9.11586890037644	-9.39714665448781	-9.20492378083569	-9.27687081990202	-9.34475252923341	-8.67570505581407	-8.94716860649474	-8.84126192763914	-8.7099453802325	-9.11086621705449	-9.44613172050379	-9.29593288635442	-9.13201101429995	-9.7339234355771	-9.18541268086503	-9.11262567299136	-8.92767539017166
