0.250567947228943	-0.224824500865491	-0.0285764205039881	0.275442952799109	0.104068097643741	-0.11959070545121
0.249294516469583	-0.159859345019243	-0.0898715539080332	0.140998302117328	0.166812866083652	-0.249689959150072
0.252985691729099	-0.338878721533921	0.268809795642441	0.15764026184934	0.325167027458568	0.62334230642904
0.253088889460323	-0.275342833739988	0.211782318931469	-0.293364320937206	0.384282016423062	-0.144934155894884
0.252395776745162	-0.176198983432901	0.217101021213942	-0.542092232806873	-0.0667644056036254	-0.259773364003513
0.252881682708867	-0.0749213190855737	0.259003854426954	-0.263822849663087	-0.40371629596816	-0.0225059078732917
0.253735593726921	0.132434412274572	0.253943755171504	-0.0340056575991646	-0.441446215560428	0.254540710981949
0.25769126500777	0.431419970668724	0.370794184254649	0.266068900003577	-0.121228891212682	-0.0863728658872813
0.2510989685119	0.470174638478344	0.179590364287223	0.159973108235224	0.259141655303466	-0.0901282882328425
0.244128472308322	0.341631474881681	-0.0875630363287299	-0.07246927632116	0.311395551730261	-0.0846112091970642
0.243962396100393	0.202749841625754	-0.302667479510158	-0.192619565325753	0.112512642525728	0.299280303291414
0.244322353618729	0.127261860091828	-0.375105630362631	-0.206650182097158	0.0592638225231901	0.115107186386988
0.24492091180375	0.0380730783830596	-0.400494278649828	-0.13101686421023	-0.103367362376303	0.123879784775854
0.246912491819222	-0.053814863345467	-0.309798279871019	0.0557242540060329	-0.232160849145966	-0.237174372746473
0.250497212862479	-0.191512527627877	-0.157867249631278	0.28346938545693	-0.288690376424938	0.238975053781527
0.251020989287424	-0.238376042196567	-0.0654209136977447	0.382944855909231	-0.0519904666841874	-0.356011228818727
