0.249553412520887	-0.135395092626051	0.271288081496322	-0.375405067001617	-0.033344615848688	0.0548260205603859
0.250195426427562	-0.0298235714661078	0.20747339248168	0.00487937663640009	-0.101450033099368	0.224872368896354
0.250163421156359	0.182553154693376	0.235385683648515	-0.0319305978581167	0.0324793989594691	0.344172574625438
0.250078587532957	0.636854476280578	0.219796650628792	0.0336051752419715	0.407154446705711	0.196623026997722
0.249952325437469	0.496871446107957	0.0233372641513286	0.107971981112613	-0.147477343914052	-0.587764577532558
0.249596456870999	0.0674776713225469	-0.197438886638316	-0.0435101346851759	-0.336257221912498	-0.266837259378972
0.249891486760972	0.091678877456584	-0.248183833495699	-0.0131129933940868	-0.332578346144742	-0.00479486046755072
0.249753779146408	0.0407925833894348	-0.388500498866154	-0.217481727786697	-0.133967727707124	0.187999103447426
0.249689100934933	-0.0050358699101082	-0.404482779661751	-0.168911599188485	0.0937323047906446	0.171377287669743
0.249795918164458	-0.076718859016262	-0.382685208064092	0.00766876964582008	0.139178835543966	0.188942805234455
0.249670773844822	-0.262420056268785	-0.112967041747673	-0.142174315287338	0.659356436512127	-0.359125206713911
0.251045971002509	-0.171182648351809	-0.0653104102307159	0.736940144140427	0.0610436490016138	0.179716662231988
0.250113698520556	-0.239024947581832	0.110963160005121	0.0660116947304278	0.141546059491209	-0.24397524631955
0.250733030666114	-0.189105719041255	0.162678134858845	0.369239015733139	-0.155742087185521	-0.040008243921525
0.249968829886302	-0.220399771537158	0.261386972700391	-0.116536370424041	-0.100046513470042	-0.179680369828522
0.249792895302378	-0.186593240867044	0.305621576817353	-0.222973211113324	-0.193541359113124	0.132389604076213
