0.249837380550235	-0.141959219133364	0.244286087389066	-0.355980043103275	0.103800406629097	-0.186584898065283
0.249894768510015	-0.0483922556991443	0.2296582411428	-0.337458886073059	0.242021630387104	-0.298886984477386
0.251680719623644	0.152149308287826	0.328446702208878	-0.210919511273279	0.329141219290025	-0.0365583246568955
0.252485527698149	0.580407883718403	0.420375670798707	0.366942833264739	0.171898057641236	0.294275626828491
0.250502543734467	0.417570623552261	-0.0252863839891706	0.20765137154528	-0.519084814045804	-0.502133209240797
0.249975960495354	0.133337657604364	-0.310852603442371	-0.271467883406438	-0.141766611801584	-0.170615552003698
0.249465628285403	0.169448287407324	-0.304108531856909	-0.209766351335261	-0.0361491947530283	-0.0700243682752972
0.249751340512301	0.119272540128319	-0.328822743880122	-0.0976125555777251	0.0581719243320097	0.196742444343264
0.249483663049037	0.0863154636081799	-0.31858604379854	-0.0316239758199828	0.134829191491249	0.302349456451367
0.248965858568381	0.00910272544543009	-0.311734305694205	0.080951953074543	0.177266615354885	0.280396181253611
0.249151828253805	-0.258869386805192	-0.138259936735327	0.315376590231399	0.385900944665488	-0.279516618413195
0.248519559700268	-0.301009903941832	-0.0518904612941186	0.45467446680802	0.144139758139443	-0.229320390199387
0.249384874893699	-0.244382199573024	0.0702371790160771	0.269117341917536	-0.210787470419921	0.0257455894216193
0.25005070563943	-0.261169923310092	0.145865094537389	0.023890955304299	-0.272443974427796	0.201028686532608
0.250072937452733	-0.226793185157505	0.154669436536202	-0.0641791107508988	-0.268930295833568	0.161051235157504
0.250747038661783	-0.19462566882363	0.185733745508544	-0.138069367741015	-0.297072069408168	0.308694186165879
