0.206353606982163	0.00959113868996434	-0.633374715089164	0.41388932337699	-0.320141254013469	-0.155861836306318
0.203601422388356	-0.130067258436407	-0.272278570834574	0.0345524378928948	0.0411408015279029	0.123815684682277
0.203823207518621	-0.179607073252482	-0.107055751578065	-0.303195723476814	-0.17282448047289	0.0875170584440859
0.204254135481541	-0.235462444375245	-0.0900403323192699	-0.10475898049552	-0.128807907596363	0.0797590126973826
0.205062183992945	-0.244817709368568	0.0845612511139996	-0.124578373970553	-0.101918567838579	0.0402552252959024
0.206683188675969	-0.271272494603217	0.0709039820572589	0.110651139044612	-0.291558412760482	0.0493546333805203
0.20568711292412	-0.216835592458576	0.154273807616894	0.263985048705739	0.0262470644202838	-0.150431917096314
0.206000708397445	0.0246862467245305	0.181495671770991	0.367354129147211	0.00319079690892668	0.276634803182741
0.204306310955522	0.201313341696463	0.194832058759747	0.16937262926141	0.00279980708061793	-0.20395520759073
0.202307770209869	0.221195213251526	0.0961387046527111	-0.0132265963988813	-0.325883312423629	-0.323343418929368
0.203596617241219	0.233637547567049	0.0597910738094914	-0.371997775251662	-0.399561336838031	-0.0493194369638481
0.204774560910802	0.32914888175544	-0.230626183429677	-0.104588005875388	-0.00839773643035037	0.669572644356093
0.203525032535402	0.138413010568264	-0.259400351007818	0.0885828220008479	0.269430275129046	-0.272314221372299
0.202203401474905	-0.0365006863377533	-0.203634029401407	0.0170262166666732	0.42431784418655	0.00761086733760634
0.202160829317782	-0.0685656408885973	-0.0936448883392095	-0.286271195197514	0.339332387920983	-0.0502317559873639
0.202496319054736	-0.137616347779904	-0.0400269925286901	-0.170639512599836	0.263307066062771	-0.0444196332651026
0.203110535207273	-0.184911952707803	0.0830143268014854	0.044928270083294	0.142493051548242	-0.178103700019321
0.204611926987636	-0.213523923580676	0.12783101207602	-0.0268911298958232	-0.000682106179773852	-0.0165800631276897
0.205118096094818	-0.154294912550341	0.208131422717488	-0.085714026428655	0.0219062141102036	-0.0302139561473579
0.204859832492111	-0.153310445872331	0.205698232650905	0.0553626789033573	-0.049937096474255	0.255865716323225
0.205594848630734	0.267645162665933	0.283709169351552	0.238360589028907	0.127809076093266	0.13077257626189
0.204640756685718	0.273169123449454	0.151390380984563	0.187743092876304	0.0802063590442593	0.0531328410941115
0.20162017017901	0.257613314542705	0.0287720755524585	-0.229656104566267	0.00714132481630406	-0.172295712511396
0.202470414453242	0.279127245201778	-0.00455430447610197	-0.191967223106019	0.0642179859368751	-0.139781319690792
