0.256976632441024	0.223131008250049	-0.42823258685039	-0.160581808008812	-0.767533039377492	0.260399309869362
0.258510638537929	-0.125148713492283	-0.354175234644389	0.106589438029834	0.113773227328237	-0.123482162097078
0.258773541048337	-0.44693274328222	-0.411072438388152	0.143759100817351	0.14000100959901	-0.0703397269039255
0.258627121158047	-0.233234844061984	-0.051865044622681	0.208058549994675	0.151836472498926	0.330900312718092
0.258743543388745	-0.166556572275427	0.0233224349541511	0.0871649472184076	0.0366986599050988	0.132435178573525
0.258383706649476	-0.105540543444929	0.178335386346826	0.136564948157183	-0.0205224338436219	0.385481510741879
0.257938919579835	-0.227384891995638	0.319990795276674	0.0833011915520839	-0.437920497063946	-0.649626664391393
0.258978901506613	-0.0047240800655298	0.514055601581055	0.113539891067667	-0.102699996103034	0.257448239321479
0.258698451794003	-0.166932325628912	0.260084247339643	0.0152410421306192	-0.0351119716883218	0.0723496450594736
0.257167842819861	-0.120669828150642	0.0863410639098461	-0.906850569015897	0.186885073761796	0.0628766703093982
0.258026511771713	0.074536034984398	0.0328369463695303	-0.0841678680559831	0.0776723799832511	-0.281389291978291
0.258065086547933	0.159125531313536	-0.0787382253594898	0.027309548874308	0.176924958665669	-0.159844374656491
0.258190236693892	0.150439124158449	-0.183737522015968	0.0167718520903127	0.193197814102338	-0.182490188557403
0.257959356717359	0.506784232583359	0.0340358730713458	0.0876693703676912	0.151642464316839	-0.028117708358375
0.257933948860035	0.486857809408016	0.0567187784631705	0.120048023687574	0.131868582079673	-0.00779815734896015
