0.24823618984534	-0.00540254247502984	-0.379279959396573	0.109816542750499	-0.191072550403694	0.075826597678291
0.249942447298057	-0.0495992061368218	-0.0682536801175039	0.178445918352126	-0.25282227967682	0.065718776278233
0.249537233916622	0.286468259967434	-0.182970163007433	0.217661709716431	-0.312941704426527	0.45524391778406
0.25010964116351	0.520933670392757	0.193090956238143	0.431142671387639	0.276945827096862	0.0426788973318189
0.249972359923348	0.403399639500014	0.158393766014778	0.0461009645168499	0.293292940186999	-0.266527110810091
0.250097210276362	0.143803659920497	0.0181071403730178	-0.326429312099697	-0.0828043403004352	-0.169485045569952
0.249892557475042	0.158817406050606	0.035843397598162	-0.346407455460303	-0.0318797699086789	-0.154222654888919
0.252124813877163	-0.103879694266205	0.434964069561358	-0.0887760052677305	-0.160132709744	-0.0145809941996058
0.249590508636451	0.117784000163414	-0.0107636963392034	-0.448578433411685	-0.070618500308396	0.0793482449673815
0.250032833941406	-0.0012135679650325	0.0400647417530351	-0.3544378508136	0.00550436922176367	0.209603229968017
0.250632200339171	-0.273890321387197	0.125647115324076	-0.0973835637935829	0.03770427000063	0.16856236207457
0.249335159342055	-0.311766382365658	-0.161756515603498	-0.0106289161902256	0.671418266057826	0.448127907395733
0.250050355595964	-0.271560336413945	0.0145013526888368	0.16312962557032	0.197235349292788	-0.335392952828519
0.248283487076016	-0.146083710205812	-0.404917045129308	0.0588011925741746	0.0777656750635797	-0.50969873112236
0.253084084517707	-0.366072355641389	0.49867484212747	0.307751985908284	-0.232656999653125	-0.0289480192453866
0.249034355667515	-0.09729795597426	-0.329109245625301	0.158273769056932	-0.221550510076004	-0.0672530743554252
