0.249334042949477	-0.121360432714539	0.103462920369704	0.0649530895240575	0.322844361759544	-0.109170408708735
0.25064815972344	-0.00395958143868434	0.243324173679656	-0.223929653022606	0.126005703018293	0.316982866563126
0.250923002987824	0.195651894366401	0.338008649525732	-0.178109003367794	0.124294900874097	0.464026582672016
0.253174997042226	0.545746914630586	0.284385727138808	0.423110808131703	0.176215450328405	0.0459669748057214
0.251841379807776	0.477408658569384	-0.0113644285622613	0.17781255717148	-0.435749021880404	-0.297758211628065
0.249875895083762	0.145331508144369	-0.227414028909311	-0.316030372427747	-0.372919533090228	-0.0413542224814358
0.249532282298978	0.138247862604742	-0.291605086138465	-0.245643428808069	-0.162462716011952	0.0869277203550185
0.250107279339689	0.129875010058517	-0.352304270846699	-0.348452953677597	0.24482525368785	-0.0894233753446605
0.249664537607653	0.00270299775857584	-0.35739324850375	0.0692755347818123	0.390153811362662	-0.0879977528871944
0.248516569444512	-0.0774722531094803	-0.324213845314639	0.223453971151773	0.283336424011591	-0.00309148133928566
0.248132217935641	-0.269905468711757	-0.154039029697963	0.138557417881692	-0.267031670190624	0.516081065437145
0.248223691754321	-0.300653358406979	-0.0733839910151695	0.417520117235817	-0.202061424707543	0.166105377019857
0.249070321975634	-0.235464384591798	0.0259956543061252	0.277479257356753	-0.0444158239099079	-0.266126121972511
0.250062883249543	-0.244682548465017	0.21465754771933	-0.0458641078570603	-0.185046718191157	-0.25923016864073
0.250181193141753	-0.21553997485776	0.25298992619768	-0.197646721996691	-0.136070605806865	-0.0994279586480476
0.250660093073187	-0.181920799641837	0.318198430836307	-0.234997685379544	0.136925985036613	-0.33860570402362
