-0.0925487369282119	-0.05472441601485	-0.0268634344544159	0.010635191667068	-0.0029956109391906	0.0440812087175722
-0.0971503176761606	-0.0426803107556145	-0.0130503113344355	-0.0100801341965456	-0.027240209692115	0.0171513647976454
-0.120916215453554	-0.0205798012659325	-0.0166504275066761	-0.0591766280709323	0.0206919320848593	0.113577218425988
-0.120338464979924	-0.00747899566714861	-0.0238845984581124	-0.0751332141599727	0.0354848872500085	0.0653064543841386
-0.0363335176342844	-0.0180438255185012	0.0131778368301164	0.0500261582670192	0.00641664858043196	-0.00792833958346251
-0.0379249986246904	-0.0148737390155219	0.00384150727899743	0.0607028831611514	-0.00867491278108074	-0.0173262014701273
-0.119537808624118	-0.00921741472709078	-0.0260744047394305	0.0198027216896053	0.0831336136558787	0.0101893513313714
-0.126774221540665	0.00529105385023131	-0.0438688846838906	0.0426148337505913	-0.0299674027004931	-0.0534369891267686
-0.0590523139631492	0.0579460902651495	-0.142389705017466	0.0939953476514013	0.0929693787958931	0.119252924648386
-0.081478284176032	0.050805196210267	-0.132121120968525	0.0737726559634449	0.11367911508771	0.148079439823372
-0.100995897753562	-0.0426069098924444	-0.0451903943126429	-0.0639223380199283	0.0182052117574719	0.117908339271997
-0.11976003405674	-0.0361510811158877	-0.0644743591699774	-0.0485841812876268	-0.0694102076163524	0.0644285338822912
-0.0691422408492485	0.00528497523535112	-0.0147597437399123	0.0407221653239714	-0.00784848784543201	-0.0372437146486709
-0.0770300615451748	0.00759397235021225	-0.00420931211606065	0.0328549113687908	0.00610288538541771	-0.0426542422192744
-0.0876031956000038	-0.0615956208158463	-0.0507532064996543	-0.0145528183924272	-0.0134478910687894	-0.0378730641202044
-0.105641253862797	-0.0745541162162095	-0.0564621188221892	-0.0143490728117938	-0.0460361891863087	-0.0317363696134077
-0.126826234787859	-0.00743736003535589	0.0298735985802444	-0.0817891911302201	0.188000138024084	0.114441433943205
-0.13636511742192	-0.00409537175283068	-0.029390608986127	-0.108494899267864	0.162261292054497	-0.0367124223987491
-0.119386995594685	-0.158838386490205	0.0994488201689389	-0.0208932194209568	-0.113483901310374	-0.0243062018097614
-0.104744770291046	-0.0760399142105831	0.0457160734170415	-0.0629314777855009	0.0265535634245206	0.168864325077956
-0.113856363327619	-0.0737188241815227	0.0478259413671369	-0.0191151421677254	-0.0255223549499168	0.0922971089296634
-0.127720355792284	-0.0462189433408006	0.0213030740906998	-0.0840922926350802	-0.0484431720230995	0.0690615649765443
-0.135735793242838	-0.0777802585065067	0.0455222938115151	-0.0262199565956529	0.0419674784361026	0.0492723752537113
-0.135641694827226	-0.0468421976109526	-0.0285779358974264	-0.034781471549673	0.0336963095288025	0.113535746002428
-0.0953465182364244	0.0135552572296379	-0.00958248203170143	0.0224408348626243	0.0478479874115867	-3.55586761778211e-05
-0.108671402657212	0.0300324896483354	0.000793232816437687	0.0023034784920905	0.0377502465717188	-0.0209027333991449
-0.103143262971803	-0.048169833083692	-0.123866296536434	0.102156395553302	-0.0156780825679441	0.0112482184994982
-0.134729470505517	-0.101027563768032	-0.121007433600407	0.133894636636093	-0.111570696562528	0.153630059855627
-0.135483348230267	-0.101377589656456	0.169902911594775	-0.0448177535395782	0.147751370001309	0.136828474796879
-0.0947923412932634	0.0143278456261807	0.0102342771558939	0.00440205407872648	0.0654760050778165	0.0206269246721136
-0.109466012148888	0.00537316615790608	0.066114400357982	0.0089274948280676	0.0721257181062719	0.00827467226310867
-0.0386485548318119	0.00263654309753395	-0.0437136956007461	-0.0298420717091535	0.0120216915209872	0.0179444516860235
-0.0518553895050193	-0.00170836896654141	-0.0400513201282712	-0.0305632080818081	0.0166017222717301	0.0148506909341637
-0.0620511081152162	-0.0149635951463147	0.0442402729241721	0.0005656498292672	0.0541913051073277	0.0573006175759077
-0.0806624881480018	-0.018136180238257	0.0477647261240026	-0.00443355425893301	0.0558384410694823	0.0827269465878516
-0.0724337035350738	-0.0776891997810162	0.0919428249268177	0.0321521307222368	0.0210933707430404	0.0975829590109062
-0.0555783439553489	-0.0893891976687277	-0.000283301284995576	-0.0514090449972498	-0.0149204951629238	-0.0118043410811256
-0.0669106025830356	-0.0909389327677782	0.00173778449179945	-0.0669449612381392	-0.0193791215423628	0.00180703995950379
-0.0517653516386637	0.0309005129554941	0.034472130873816	-0.040249856622853	-0.000394555182451872	0.098922774567129
-0.0838611575934245	0.027025392917283	0.0326319668328737	-0.0399956754903727	0.00297941622696243	0.120418005141561
-0.0775980929537918	0.133543816637494	0.0035074256345383	-0.116462704057729	0.0357457437958903	0.131137025129101
-0.0721814583543051	-0.0968343091289628	0.0460057099923234	-0.0343709094269992	-0.00106074242431562	0.000569832965950102
-0.0740303009430455	-0.09403500529829	0.0519715507471097	-0.0249908700206964	0.0184247372815878	-0.00709986264459125
-0.0761079060936312	-0.0157071735755196	0.0737380654733317	-0.00834370418659029	-0.0066876724210042	0.131323150262203
-0.0201259093953978	-0.0375787518299002	0.0369348540265836	0.0470007612491851	0.0168888369426793	-8.21226938948002e-05
-0.0306695327212437	-0.0436991377057531	0.0383619823146959	0.0345860161771808	0.0110977444930271	0.00685385508360172
-0.076510226778787	-0.0561500568110238	0.0489846033297559	-0.0536673469204544	0.0242281162756197	0.013142108305481
-0.0824223035118455	-0.0576657536196505	0.0585157295629115	-0.0446046256446449	0.0267421078310781	0.0242551248963979
-0.0420580791809617	-0.0214682936154831	0.0655904644832787	-0.0305054936973498	-0.00766291341832994	0.0654249351595664
-0.0577763243436598	-0.0203141253220618	0.0660947842093076	-0.0364995188158648	0.0125154824884989	0.0775670448261025
-0.109780182826922	0.185377278871013	-0.0167207869708471	-0.0959331680720923	0.0391764819102267	0.0570822886338597
-0.127035850212637	0.201557068559445	0.129132406117776	0.0649660331529527	-0.0699929085646291	0.0415452148095596
-0.111676235613062	-0.00975711081254146	-0.122026483557905	-0.134673315611374	0.0469041238595726	-0.0398436494527406
-0.0736963833678546	0.0442182927387951	-0.0770678783211186	-0.10606527268321	-0.022192130006954	-0.0186877169395229
-0.0754716822887161	0.0185101354257228	-0.0546131867885698	-0.0777689432101139	-0.0182867515726856	0.00437795393359217
-0.113223894666303	-0.176919104634485	0.0896505099059111	0.0206784223961903	0.0908945947981359	-0.12966553290266
-0.13519812096522	-0.222012352975446	0.0856531401768551	0.0450076289588832	0.155624507205856	0.0663022016181743
-0.129937348873946	-0.0552559423923505	-0.382112523141445	-0.132979286625879	0.125095372815609	-0.467068378297635
-0.0963283277580685	-0.0481466102189714	-0.190726235703788	0.0491970337267362	0.124138396845531	0.0187203065756448
-0.108087965685402	-0.0528784513716426	-0.17648992591501	0.0174438644254419	0.0635870483281217	0.0383572015670081
-0.0679923793980167	0.0344807228240362	-0.00905893377389678	-0.00291657204724205	0.0104771834157639	0.0592145398513194
-0.0745590339425909	0.0244704649559618	0.00813992302751244	0.0163526284730443	0.0267219156102155	0.0680062274097794
-0.0848393199842233	0.143043819967073	-0.0853150769671077	-0.108697798271338	-0.0289794722018456	-0.0137104538132132
-0.0841110025411133	0.153381436185077	-0.0982290970523748	-0.113216070391389	-0.0422582590311401	-0.0217069013175113
-0.103729251439322	-0.0402741922131094	0.0241011111402951	-0.0206494139122745	0.091776642350822	0.0556163660969849
-0.112667934677294	-0.0488726814011025	0.0187274180623756	-0.0131745734377907	0.0942536981127162	0.0585821540209806
-0.133425009393852	0.187684080447853	0.100397826537708	0.270525671151681	0.117588297948778	-0.0978124510634524
-0.136264926697126	0.178867467302854	0.289485862892251	0.508311134967481	0.135565107931935	-0.235394506827058
-0.141706561378877	-0.0759600562153996	0.161875036563905	-0.139808088273577	-0.290603373822443	-0.0933357312700567
-0.148345360298358	-0.194988926865752	0.239228714203602	-0.0624892229158798	-0.280257382249446	-0.278682477622119
-0.111789797225951	0.122278245689241	0.152317816870685	-0.0764423895307589	-0.0466685587919697	0.0412525000361539
-0.114117792191121	0.132122666282901	0.143938196006461	-0.0434850758291743	0.0134749597842283	0.0363342745845126
-0.103001424400388	0.201621229475003	0.043499880146543	0.0103411295910401	-0.0978510154546881	-0.128826531738993
-0.123998988177933	0.209181542483032	0.0136656341693735	0.00799806800023574	-0.120739780921711	-0.063671753274256
-0.0684021316627937	-0.0026031012855033	-0.120241999946573	-0.0245931376166522	-0.0835543153884905	-0.109721646818723
-0.0685289185151147	-0.00239440421429817	-0.134070254732024	-0.0549833730520543	-0.0909435643934831	-0.115967302043405
-0.0717068895873522	0.193706504508293	-0.0570532420979937	-0.129539383773877	0.068680567074938	0.0427287917995788
-0.0703208741491894	0.14976755405835	-0.0438222062235541	-0.12732356920767	0.0657907222499618	0.0277547970527344
-0.117812656523762	-0.120606925807518	-0.0825496204895649	0.248801844543026	0.173628691128579	-0.147203970135445
-0.10579771085314	-0.122705488788214	0.0649776446395963	0.0279436156882427	0.0823201355679323	-0.0913492876943282
-0.116447510541137	-0.1234585348451	0.10237192925331	0.0326081998508197	0.0898504396299338	-0.0331979957959338
-0.103412127044571	0.214321089290149	-0.00651416421833719	-0.0767125209790629	0.117907752987383	-0.145665951650246
-0.128777872857064	0.20805752524806	0.0329993268369517	-0.115677891586467	0.181375442465995	-0.072723240052685
-0.109946648658038	-0.172157658664229	0.0411491187802149	-0.00778274688654221	-0.0158257912173035	-0.0815421117667763
-0.0791898978535314	0.0149065790442419	-0.015859768440264	0.0373002435694979	-0.0608840977023484	-0.0297373640229686
-0.0867135198981455	0.025401462962297	-0.0317905233215466	-0.021899359095404	-0.00876376049764523	0.0219103099938093
-0.0626532884253361	-0.00115292142303292	-0.0435044316489025	0.0253986613488732	-0.0194882604718732	-0.0674556979518526
-0.0659884321010524	-0.0069521358663473	-0.0243998686485141	-0.00659275423748457	-0.0550445044394853	-0.0554599423654482
-0.0656833560545619	0.192055189396379	0.0866825791786411	-0.0494895414133146	-0.103115024228717	-0.0856405891211344
-0.0844338346613095	0.221556912557436	0.153712468473865	0.00691529872603714	-0.1077239268942	-0.0447588782964667
-0.0573257673323671	0.100606316692519	0.0343219900601383	-0.0105691199197161	0.00164032154059251	0.00781914761318783
-0.0864716504048043	0.105808358404441	0.00715191612087968	0.0269297210420225	0.00456412429508251	-0.0575577866783234
-0.0279558124144001	0.0320629311251319	-0.0658501261236046	0.00096297581059574	0.00220869285621935	0.00647099758930509
-0.0492362771003837	0.02454992468819	-0.0931185031227404	-0.00851652716278151	0.00910291506141294	0.024162000428981
-0.0793113236337366	-0.0301419761085058	-0.172364153491426	0.0736787951321935	-0.036125404662302	-0.0221556953647544
-0.10007077920966	-0.0714497872379285	-0.1434952233606	0.0448847114410055	-0.126272697903252	-0.0872882851606439
-0.0514497592020934	-0.0513613196859959	0.0447787731744469	0.0170846233977651	-0.0355898764125228	0.027747427644123
-0.0553255351286741	-0.054732176864353	0.0561234566082573	0.030664877891796	-0.0279723763420022	0.0169993767852192
-0.0501746749290309	0.0310485305097984	-0.0121326447496037	0.0092498107812019	-0.0578801666605727	-0.0479522822988972
-0.0378595224220042	-0.0187880524650297	0.0208286122679301	0.0402179858526852	0.0206495007750679	-0.020657986700569
-0.0691178110036353	-0.0174954952904	0.0572623221806342	0.0330645007088129	0.0507212289393552	-0.00565315203798943
-0.0390156592687029	-0.0284755859051445	0.0265722902148633	0.0488551818335381	0.0488301628749714	-0.046509554327509
-0.0404924806829971	-0.0274625566308785	0.0325568327545475	0.0630774533302477	0.0306773435089739	0.00166156172375779
-0.0449560022322011	-0.0369467780572879	0.00129635328332107	0.0723997022555105	-0.0415763015294465	0.116840443504622
-0.0506850929197498	-0.041506524858055	0.0191131053820659	0.0493052181063763	-0.0371570707911662	0.121488558075106
-0.0134103015353542	0.00526535029979493	-0.00538192004604587	-0.00664480002636667	-0.0139582271177502	-0.00412050220562878
-0.0806983614559167	0.00472962495825626	0.0333012845552569	-0.015929554584098	-0.00549795088173532	-0.00432090065702683
-0.0523103396394981	0.0530112252247116	-0.00395324424086645	-0.0296206081176082	-0.0518715425343428	0.0300304250415139
-0.115983228082998	0.119394928107361	0.0306607224023805	-0.146125540376408	-0.268513988197798	0.130300460118111
-0.123838213755628	-0.0671547795393312	-0.050115057744984	0.150555717020411	-0.441735234463963	0.0143582886467822
-0.0953946090051508	0.0726182022063254	-0.183713489975787	0.159418421777553	-0.0674037788314794	0.0814228527201907
-0.105478695057511	0.0877928974098295	-0.292023162531521	0.396829311623109	-0.204573473078948	0.252188971267715
-0.0757845678669453	-0.0143629831481491	-0.0716223695289115	-0.0955540056052875	-0.0327695552359143	-0.0741854479572455
-0.0969477090443472	-0.0267718671636071	-0.0498426127367452	-0.0857553778893434	0.0206283992277207	-0.127583562461238
-0.0790329119011294	-0.0478947116127243	-0.0438141147011552	0.0102446721885978	-0.0707629696412584	-0.0766996518770486
