-0.0911989539672175	0.110555774719501	-0.457158556637476	0.216357334098575	0.0672884863518365	0.148142952745767
-0.0903815621312015	0.153266189600797	-0.165214096108102	0.259927253260149	-0.126889118394395	-0.442974083849433
-0.0999191170333446	-0.161153902249357	0.0841401166587679	-0.277947882042572	-0.65109211390701	0.075452311790889
-0.110632796009252	0.0559632085319118	-0.367732864750281	-0.121645521006345	0.0109829858651653	0.0884993287626483
-0.11823922800904	0.145104505665731	0.112667934476074	0.191539455102029	0.0513145020470676	-0.281777086810611
-0.110459955514758	-0.254942600869775	-0.0228591762257618	-0.150498239885121	0.158064957737182	-0.0961867470370294
-0.0885252728502249	0.0561483332217704	0.191059898241369	0.217916229954306	-0.0866550776680604	-0.196572898142003
-0.11560858581631	-0.121051512840871	0.12251343588995	0.0894416310267067	-0.0354318758316892	-0.0146676095116439
-0.164331785462038	-0.0334150669928337	0.113945033973396	-0.0552814292394498	0.0167197341573033	-0.0206931801546016
-0.108475154128224	0.110987860690204	0.0789850148688823	-0.0118004792421228	-0.0245054959122312	-0.0442536699723247
-0.0987404151369322	0.177764911088327	-0.0410584824941024	0.124535648283976	0.0845295120782081	-0.0470031874525066
-0.0833572731344536	-0.076130015892788	0.087791389380069	0.148052980472333	-0.179798552646817	-0.231742901094209
-0.11884759127136	-0.00159442686243772	-0.112619105704355	-0.12132138557192	0.0286406166520596	-0.0246817132009338
-0.127906896654348	-0.163166207562967	-0.0633838118400409	-0.0800553036277302	0.156583214687704	-0.0141962856549706
-0.117959273161424	0.151347814474017	0.0925735152932709	0.0737514172917	0.0533485748504841	0.0167246268696649
-0.114903679911909	0.049537827743477	0.0157569941568096	-0.00777447364975581	0.032838330896963	-0.100141590276652
-0.120720576572519	0.0373200332585915	-0.0661034232814899	-0.0142894068492642	-0.0152786898106375	0.0717808837554117
-0.0880431478928405	0.178417694014734	0.0038166553223287	0.0918719774819441	-0.0566054508835233	0.0848511469227208
-0.0964389270862312	0.0466333589313077	0.0428031811344601	0.0528442325693221	0.152527487481327	-0.025791084058315
-0.106307812970752	0.094846251844165	-0.0299798002671399	0.0429485139314117	-0.170853710352636	0.0768046795821916
-0.10453019165093	0.110343901459082	-0.000364825101101305	0.0657167104331203	0.0723848919311396	0.0457251500446702
-0.117829803466342	0.0484733351217346	0.0528283993829569	0.0107410129736104	0.0566641990671264	0.0160721761125036
-0.101403312465968	-0.00219059262494086	0.0491524290115088	-0.0319265364176809	0.00464055828090714	-0.12143733017652
-0.0951072776311226	0.0113555812395021	0.0516417640611031	0.101336688116946	-0.0597555561993503	-0.0811500015318013
-0.101944576011764	0.100934312499509	-0.0212962289655578	0.054891924395104	-0.0785742101341854	0.0360685430848273
-0.10955699755404	0.0173340359199604	0.0247228623724195	-0.0261166915077841	0.0160902429470959	-0.0485619133909102
-0.100230166264075	0.139327518808211	-0.0331027565228845	0.0541342725876905	0.0802823436366149	-0.0308053724816255
-0.113512816904413	0.0191144128937446	-0.00876177419448134	-0.0439961025987697	0.0497142498066095	-0.0372466254224734
-0.103391931097759	0.0324768202158123	-0.0215042712562716	0.00504152279845978	0.0146600634895489	-0.0660091356365341
-0.115695383612659	-0.0505025077223533	0.0540538742635059	-0.0143194477315904	0.0787887963780849	-0.0297386879064416
-0.127404497029227	0.00991230773940949	0.03900070011054	0.00593894590353592	0.0969974981688833	-0.00539326559356698
-0.112234118186214	0.0577228590305043	0.0648718434071511	0.0161642065673171	-0.00966260312549333	-0.028507804402442
-0.123669803312619	0.0137331388984998	0.0378990423857159	-0.00752312301770557	0.0788423399129041	-0.0175523695209578
-0.116087273672902	0.0208357328103807	0.0193622721714595	-0.0201752592114818	0.0528951901643295	-0.0383130182663336
-0.0936710829644861	-0.101802191341729	0.0290570735147585	-0.035591400039465	0.0802401606156594	-0.0788303189762297
-0.101914269570848	-0.0711698572897694	-0.0343603604345271	-0.0628387154136386	0.0925579927064859	-0.0366808919257058
-0.0982804332252037	0.0167317642804055	0.0143618542894586	-0.0275596716700578	-0.0234298901623117	-0.0278703799769358
-0.0921036908961792	0.0447355000541606	-0.0519565947084581	0.0215765333387834	-0.0346077912136778	-0.0794309917978894
-0.0922024892871004	0.119496795978179	0.0427304199804137	0.0102774376966476	-0.0309173152188921	-0.0454142268117842
-0.105359612727886	-0.0176892665989815	-0.00532165502102108	-0.0197599998125702	0.0319453279676131	-0.0372450338958074
-0.0941697055999228	0.0303626223765286	0.00228764780433425	-0.072553497312318	-0.0429989236020581	-0.057546049533317
-0.137512656454351	0.0295084188741132	0.042181901790716	-0.0203523800535991	0.115746897597416	0.0402882988673591
-0.0868029049413659	-0.164959722637128	0.00190565870590861	-0.095641187831747	0.146829937903476	-0.0595100069865121
-0.0911972062182837	0.0966600168028479	-0.126514705911661	-0.00129730963427213	0.0134100326302793	-0.0367149362786643
0.0646916888527986	-0.0256358192598284	-0.0248639764196421	0.00150181123741849	0.0122361291730091	-0.034783273812285
0.0677947452882219	-0.0160606937003906	-0.0180605019867251	0.0159240045663315	0.0133575366116179	-0.0252296570480988
0.0843406634590301	0.0124265702078289	-0.0202622446554631	0.0266634732777079	0.0312046352131882	0.0405751464866744
0.0840284462757633	0.0215685526093511	-0.0201982634668168	0.0339721309832298	-0.025835408590174	0.0093588699360873
0.0253650319935481	-0.00832182578283818	0.0102671645181519	-0.0252728116919621	0.028549239175147	-0.024549519921437
0.0264680365820845	-0.00648571747473909	0.00572281613840066	-0.0282153955189282	0.0249318382771334	-0.0340000067113539
0.0834582710386583	0.0189102020016645	-0.0136513414822998	-0.026578045297279	0.0440849523663178	-0.0550958660858517
0.0883198331788064	0.0340102459426717	-0.0263139512921498	-0.0272114474424934	0.0602846506831344	-0.0594882854216
0.0411630230569194	0.0645246260734651	-0.0325212710885849	-0.0955944506874006	-0.0435777357367096	-0.14615375578024
0.0568693231745244	0.0603732095786693	-0.0273356060012744	-0.0802000882163207	-0.0681484626346675	-0.144909668960026
0.0705321600544322	-0.0127290911545898	-0.0364769608225768	0.0511929082551617	-0.0349687413252444	-0.0281433623803427
0.083672930253461	-0.0129409497451887	-0.0566550336229351	0.0441611153285865	-0.0254049779820005	-0.0174760638302917
0.0482221833622835	0.0179928521883649	0.000873799355771711	-0.0325119780330366	0.0123845565164974	-0.0408774855473051
0.0537065430041236	0.0212910389423937	0.00487179579089429	-0.0287419818398374	0.0121911329319984	-0.0412909757597678
0.0611226783173551	-0.0217227422656678	-0.0517904192168381	0.00955189577390355	0.0111165923747968	-0.0237498724211394
0.0737274135251794	-0.0329217614506179	-0.0536084758489677	-0.00489235526673016	-0.0136571289880898	0.000956092554235138
0.0886284374059495	0.00170825914941637	0.0305313718620115	0.0412664913968203	-0.0841633389445778	0.00225011651769276
0.095212263260091	0.029279562096636	-0.035208162010251	0.0663404232443668	-0.0343341508642294	-0.0389223478895317
0.0833956515578198	-0.103872066907846	0.0115554716258808	0.0882156987698467	0.0799073608902148	0.0583423827116776
0.0731710867747368	-0.0467810916407758	0.0253341615013503	0.0882769330272706	-0.0717705724473868	0.00467258721259986
0.0794761089830983	-0.0378686090390303	0.0163720647251659	0.043391767847371	0.0366743084553549	-0.00157598070305619
0.0891799452064985	-0.0208052133328578	-0.0113786857035807	0.0450919207532672	-0.0681200025675089	0.0544471657177729
0.094814962509073	-0.0371709429776857	0.0023674626213072	0.0604314708216555	-0.0172875718377911	0.0106239763194061
0.0946550447970921	-0.00893153760972027	-0.0110411206937502	0.0617288403795485	-0.0494304768646711	-0.102807852860815
0.0664753395891521	0.0274010964244302	0.00673809352445151	-0.0150587602578594	-0.00982375180483625	-0.051774073185616
0.0758028410625051	0.0420352154070849	0.00458510679665098	-0.0193331998688926	-0.00391445440869282	-0.0187081249993815
0.0720727522814408	-0.00960197975994877	-0.0704536000139574	-0.0676991008382558	0.0347890652972665	-0.122151165713373
0.0941958294091104	-0.0537764334804171	-0.0670767135737286	-0.0428941693416944	0.028890892852898	-0.110191935771047
0.0947976070557869	-0.0637707219894794	0.101410879321847	0.123709329799531	0.0275988412222415	0.0134579888329359
0.0661189362180698	0.0311347802174336	0.017045096689655	-0.00957573820888336	-0.00640390275340332	-0.0355172108764888
0.0763749611524596	0.0190222088895796	0.0478104208436157	0.00985452827304616	-0.014770496456973	-0.0454514405963587
0.0269400523768075	0.0141712096801521	-0.0266594970967852	0.00328344920365053	-0.0256015199498982	-0.00120696301424542
0.0361695252488273	0.0125871878385069	-0.0260197744544586	0.0095796167990287	-0.0191789351551581	-0.0127668868974876
0.0433797163830838	-0.008370884221194	0.0408341436145297	0.0187538908708427	-0.0100892867611465	-0.0137049094254276
0.0563670579164064	-0.00807451191903176	0.0472516551785458	0.0315556480572178	-0.0252801398573573	-0.0215985990682094
0.0507458704612112	-0.061511433401472	0.05668920074537	0.0438138758606476	0.0225739853639339	-0.0234463276708788
0.0388501668416528	-0.0551526858223517	-0.0318165458057276	0.0682866361771414	0.00469547517323112	-0.00629480958558128
0.0467459247553591	-0.0555456851206266	-0.0324938372820215	0.0766526661515533	-0.00227705406290025	0.00238814181628603
0.0361510518658078	0.0241738397188296	0.0327372261714925	0.0166617138271533	-0.02469004944691	0.0336171016620566
0.0585884383998808	0.0256598656331409	0.0307765673631944	0.0203862000003872	-0.0265221461764598	0.0294670295553939
0.0539989846240081	0.109731811237525	0.0373346864753656	0.0217625329915055	-0.0520625153484173	0.0417133875302225
0.0504560262963729	-0.0659214698507467	0.00299893305548291	0.0845280005959235	0.0203414966393138	-0.0166504925369642
0.0517493367702601	-0.0634910309431984	0.00690690195210679	0.0795749425756704	0.018361582523957	-0.0264865481529452
0.0532494156589913	-0.0124599841704047	0.0541229850492761	0.035476058232319	0.0233854140412888	0.0116785537132363
0.0141161268094155	-0.0298842134307221	0.024590433082586	-0.00280949729570917	0.018208015168844	-0.0230091858611817
0.021481327644886	-0.0329527284213636	0.0216133194599221	0.0042027648894391	0.0191287377372926	-0.0159102296091541
0.0534579048382772	-0.0343268264845047	0.0134263136641849	0.0755070985557314	-0.00143855685267778	0.00269332565574417
0.0575994220918143	-0.0365163222307869	0.0223798593865773	0.07496262224381	-0.00289848078284562	-0.00574351399671301
0.0293949472688133	-0.0170190535398894	0.0374041716226873	0.0481388865644346	-0.0057504143607091	0.0217163526021762
0.0403889104318464	-0.0139461906611842	0.0363626972800937	0.0499554771988647	-0.0113748585992879	0.0220853631907257
0.076293563047967	0.15291358058851	0.0274125060991818	-0.00629387915919696	-0.0372917388434607	0.0121859068295116
0.0885327716339484	0.154043071473376	0.102780517856818	-0.0744995448165758	0.044819972784857	0.0987712341336095
0.0778973536009315	0.0260207959679474	-0.107037419442062	0.00465836752758285	-0.0111723039858321	0.0731716509300733
0.0513138728514304	0.0567357255915198	-0.0602742422516579	0.0218430713943099	-0.0318822600178518	0.0224197901859741
0.052579565982361	0.0353177596724541	-0.0443184415150702	0.0179625282196063	-0.0269562145469205	0.016961985973266
0.0790949903139806	-0.120267284327179	0.00409822128923557	0.0915176916366092	0.0164945092870498	-0.0980846885688234
0.0942034919783405	-0.152647995743293	0.0291160930049914	0.111642992263266	-0.0133400566949029	-0.0779898839700179
0.0904151492848037	0.0324999687057522	-0.307989335841166	-0.0323974997943096	0.00425131322738517	-0.122194690550592
0.0671647855026534	0.00239054372432551	-0.103058677436983	-0.0528144502504002	-0.10180438477053	-0.177582781616395
0.0753221990466393	0.00309293210489455	-0.0999398105599416	-0.0297210877996038	-0.0913967608679415	-0.143144528965662
0.0474988152236472	0.0306851660642561	0.00485398182534182	-0.0144126970828462	0.00703309711331922	-0.00357337395371601
0.0521008350094485	0.023575578608605	0.0173262297144819	-0.0180244766179785	0.0203251234689832	-0.00546146304629353
0.0590126766411906	0.133306636665563	-0.0458027377040328	-0.0280660315334655	-0.0235090089508928	0.0580381167080081
0.0584863644657779	0.144933420446596	-0.0550206636592435	-0.0275010989321277	-0.0217226581442297	0.0564938240886071
0.0724828837188971	-0.00975128960781596	0.0133006606430119	0.048865518156885	-0.0646725740889446	-0.0675705555612638
0.0787126745806846	-0.0200955778209142	0.0171166788256717	0.0403506488251678	-0.0883130687066524	-0.0725270842236545
0.0930900336278673	0.138121333080176	0.119884624709182	-0.223196460748474	0.135650167775935	-0.0687029356685448
0.0949651529997222	0.0912700667591683	0.251199452255157	-0.249084531240786	0.173944881866308	-0.159026410832292
0.0986247756466311	-0.0581697287809601	0.0500396552997052	0.193560715735906	-0.0878675637494752	0.115974188271958
0.10298589971131	-0.132733100333045	0.0358605500825578	0.192162090661821	0.236582844965787	-0.0154918228583552
0.0778039188897852	0.101077070888761	0.095373989595654	0.0595426440224769	0.0425836390969671	0.078854135971458
0.0793751234665963	0.102323810630708	0.114102160877799	0.0317487201580367	0.0310798692684296	0.0572923089911353
0.0715729114102776	0.155281090330908	0.0651147817775967	-0.0766927232168344	0.0675723036140912	0.0309393130705611
0.0861672410935653	0.166240507558545	0.0619047300851771	-0.062402407284009	0.0344697339844902	0.000360340291229956
0.047657858775185	0.0284226227101646	-0.10269522744617	-0.0141240649830028	0.0410335932822035	-0.0346892989947551
0.0476622768569233	0.0286102202232023	-0.114506680076175	-0.00938163413546919	0.0195002123959029	-0.0178833089930924
0.0497305905424994	0.161795292899035	-0.00448483582179251	-0.00553168240986267	-0.0257444513940102	0.0383060486971721
0.0488282187700009	0.127307047518511	-0.00866397310661127	0.00731446555913068	-0.0316837983590027	0.0346350138303882
0.0820972704389161	-0.0650394623857946	-0.0303878287965597	-0.0994884758241432	0.0759196935481344	-0.281500899025329
0.073863843195971	-0.0808838130416481	0.0139570910686073	0.0685017666345594	-0.00879001318706879	-0.0634406888087134
0.0812877534270741	-0.075144490006881	0.0413863774626091	0.0774400788246783	0.0242303493195879	-0.0688259644677436
0.0718217244202242	0.174190319437896	0.0280453158144654	-0.0245970957653203	0.0283519036954212	-0.0480069450640033
0.0895864106327317	0.167944267990695	0.0685558624580473	0.00717935201487059	-0.0303823482328059	-0.022290743380328
0.0767951798568392	-0.107404448773212	-0.0334658231433871	0.0918631051736581	0.056139477418394	-0.0689965975581204
0.0552264298055533	0.0211505168174097	-0.00732574462476981	-0.0401004274448483	0.00552627546284187	-0.0229130903348382
0.0604731803088709	0.038465243986197	-0.0132176266353491	-0.00193169883784379	0.0175878224495623	-0.0154956502695285
0.0437057234013282	0.0132647978476383	-0.0332976815339186	-0.0287815366372628	0.022120526118125	-0.0264945758435431
0.0460347381786667	0.0104633365636138	-0.0284426301511878	-0.000355754894902588	0.0177813611131167	-0.00408260104060412
0.0455176565626865	0.134700388729843	0.0837444523603389	-0.00541156472458963	-0.00833584541514962	0.0297961098133883
0.0586235470357638	0.150715526367559	0.133058741345195	-0.0188460897945712	0.00328226937808333	0.0404022852266289
0.0399250990836056	0.0834078642015329	0.0477174110452164	-0.0212073192986399	-0.0130152125545817	0.0131003107821456
0.0601320354624243	0.0953377420985624	0.0347453309539182	-0.0416470841704497	0.0140233427761457	-0.060212391149321
0.019426239161978	0.0398467782104506	-0.0258585439069533	-0.0284745387950799	-0.0424587535836838	-0.0331324263418734
0.0342792082266557	0.0401127721675336	-0.0416620600606269	-0.0252789225231176	-0.0564129034714143	-0.0368464828183108
0.0554867502761602	0.00189595267399877	-0.1134915802122	-0.0640089610600786	-0.0114235920476102	-0.104462128253776
0.0699231848558139	-0.0309636097382081	-0.11200823708399	-0.00054236338116326	-0.0252440555431574	-0.0877016088900989
0.036021499824593	-0.0363189654300944	0.0154026686461396	0.0188539423677069	0.0173407998169385	0.00118813779603447
0.0387014690113961	-0.0415690609196189	0.0258860876985128	0.0193391681951864	0.0140118068918283	-0.0152603865266527
0.0349819589140352	0.0374828928639644	-0.0109405631053984	-0.0252520897428767	0.0489635499312777	-0.0129468657888381
0.0264451151886469	-0.0137475985917644	0.0136819885105335	-0.0123394959063658	0.0108176176454678	-0.0277717532573752
0.0482315857340644	-0.0113340284777797	0.0402094369391175	0.00101365885449104	0.00740951246204977	-0.0409132514252771
0.0272315862978014	-0.0217439600682102	0.0162754774132564	-0.0228067370434729	0.0162451133205793	-0.0271126259015039
0.0282882649181811	-0.0213469470425351	0.030575192403794	-0.0246520217551971	0.0109910492518035	-0.0196973676913903
0.0314023047316268	-0.0221517328717826	0.0203012186974477	-0.0324528942292701	-0.0187471250436759	-0.0299103350059476
0.0353860196772869	-0.0276004967745417	0.0226575630692349	-0.0216424708884764	-0.0150069638477543	-0.009452174047856
0.00937898625744176	0.00813189886577995	-0.00862483713781153	-0.00162388748580676	0.0125158111711914	0.0088722947526464
0.0563248081863303	0.0152231806213901	0.014208903160903	0.0115747537259237	0.0108868644424676	0.0154169382707176
0.0365061235177628	0.0433380847407881	-0.00231245123807164	-0.00628044163286198	0.0295243098800621	0.0305521381029527
0.0802819654716842	0.101944671868247	0.0362664843100942	0.0910947400946296	0.0561268812418713	0.0373239491679738
0.0861994703122913	-0.0452379453770505	-0.0540174227640408	-0.0812658460661063	0.181789130726186	0.089948797062928
0.0663446207221227	0.0654778719907119	-0.0441492063479316	-0.184154518719034	0.0262590346593525	-0.085776300182584
0.0734308245462773	0.0952903998729744	-0.0730407027780044	-0.291575104970499	-0.0353392245541035	-0.209801997580106
0.0528897041440265	0.0167847394584471	-0.0930237602345926	0.0569057217650218	0.0413257286541283	-0.0223249379706304
0.0675613355637435	0.00288020686567899	-0.0818575032192189	0.0415712722986435	-0.0144945791971662	-0.0444196923080696
0.055106429617918	-0.0162687263541269	-0.047431020873966	-0.00957353712161272	0.0278344362564096	0.000695776611409995
