19.1349743931551	15.7437956862747	15.0594993810974	15.1661630826461	13.4703411208181	14.3008768387479	14.1032331598376	14.5062042561673	14.5205982201343	14.3534455177461	15.2071160294406	15.9302291267287	18.4457625520694	14.9936018374457	14.8533420481693	14.6374928157566	14.5302437524321	13.8889334651344	13.9992660206799	14.5830239863576	14.5738246735046	14.6603673668098	15.3310218841224	15.8496494391719
16.9359937349102	14.7455692899632	14.1331422124006	14.5066588305302	14.490443526075	14.3260549070758	14.8078412397773	15.0368318351121	14.3870749193072	14.4438932337836	14.3775268761942	20.0055784080314	14.4186871663647	14.6649749761879	14.1842813277024	14.950343255782	14.1764588750152	14.5290848060255	14.3261719737881	14.900913966436	16.3350471806282	14.5592774974713	14.4951055100078	14.8005460565981
15.2198617633016	16.9413399591204	18.4248920802888	16.1743015444676	19.0750116226652	18.4524168790616	16.9284566886714	16.2905888888392	15.4732195274879	17.0171672631141	19.1205593653257	16.1748736813097	16.0687223064217	15.1746136472359	15.6279233078942	16.3010733940462	16.4981999557063	15.8745571703463	18.9431090531442	15.4568142757272	15.7733968078347	14.9314454540944	15.3850310120846	15.0648690455539
20.1252192158582	19.3939088747191	18.5496405456364	17.6421527856241	17.8593012176285	18.0582155052751	18.1235792028647	15.9922450199944	17.7598751830998	18.2714204720529	18.7455769489537	19.397955894523	20.1490532602508	19.1927310667052	18.4280166018192	18.5374042168676	17.5993293212198	17.4974802444098	17.681069084328	16.7551136012897	18.0855969385418	18.0645129754884	18.4052065722356	18.6846280625963
19.0071440984963	19.1051488931703	18.9204265205605	19.3729018931555	19.087904344202	18.8656034002248	19.1665815583679	21.4497735040116	19.7900848873915	19.1466705938997	19.1951823413178	21.5239154093864	19.3790264562587	19.3292247904145	19.100959995542	18.8134221425676	18.8877630396283	18.9675011593101	19.1321532725326	21.9143295301326	20.0469778675019	19.494213650276	19.2099395700598	20.1787203623966
17.9464951135623	18.4179452015056	18.7821247896438	19.1868694766301	19.5378073686409	19.3972254754115	19.2733372794357	17.2396451416268	17.0843516613547	16.7110485124218	16.9631933739353	17.4530455169186	18.1061709986758	18.9152559913896	19.2383160983383	19.1956637674223	19.3833407776538	19.5769474412273	19.087928077093	17.7090501471187	17.3350791748813	17.1620339415635	16.8983415806591	17.6506076965696
14.0504155351293	14.3268858750985	13.9564669127645	14.2008986050384	14.4861122363134	14.309405297371	14.3121502688347	17.8446526462635	14.7624339482198	14.2214612525134	14.8721618308196	15.1915604917295	14.1915990443007	14.1701206662116	13.9017782650381	14.3772557268937	14.0358587042696	14.5535892984895	15.4644181177386	16.1373981205927	14.389003866183	14.4326071438045	14.1795462978054	14.8037107118276
18.8906987034535	19.3750373095353	19.1469796187726	19.4264715670138	19.8086479140762	20.15840711384	20.2114986017384	19.6920399161061	19.528578109934	18.376857383943	18.4016948011563	18.7180311098165	18.3166159412849	18.6072809418305	18.8096802180821	19.0586920287417	19.222004769503	19.7360374148533	19.8275365384708	19.5696590930016	19.3901010651135	18.5094180692026	17.9294953703321	17.9131231565966
26.4660867432756	26.907484661874	26.8527303180846	26.9348348988322	27.3972906978906	27.7995881676831	27.8074004455565	27.5949645441708	26.9066930198764	26.9665989240125	26.9265864810558	27.0404399037684	26.6997479351041	26.8776754521284	26.8644452871776	27.2337746943163	27.2647199084151	27.8864552147392	27.9080570415082	27.5575904225575	27.1735847390034	27.1330268167689	26.7536624104774	27.0347647558226
17.7241141149442	17.1230402591514	17.0738207910437	18.3409222098986	17.5943561955831	17.4896859658532	17.5024485424715	18.2909667924571	18.2956732871873	17.9694933253913	18.4779716577339	18.6144198920089	17.9080387686837	17.1725284302181	17.6876650063522	16.8160919931019	17.6132187259627	18.0812823100335	18.5955088179243	18.7303772591092	18.2249107997386	18.5416537567853	18.361712510151	18.1532518348337
16.9674814582882	16.3032010284146	15.7189698280488	16.2185758488698	15.247074517032	15.3508010915687	15.6137990547874	17.3942002935395	17.2314337085229	16.0690371182249	16.6959396382655	16.9979733094276	16.7165694182407	16.2857754640647	15.873548247858	15.7071973375302	15.2113053003986	15.6748726936051	15.3774590936466	17.0441094686776	17.025453213973	16.8395974830212	16.9880041213797	17.2137339445701
13.6991024670524	13.9524682593827	13.4295375092495	14.705992296317	13.4138923283726	14.2578543251006	14.7391477099865	16.4799433746518	12.9950015610841	12.4036334348566	14.6868287729942	13.6745601055411	12.8010346745517	13.4088604360248	12.7804030644785	14.8158335673608	12.7347801728356	14.2581243249389	14.6812933245208	13.1947055631578	13.2874238116835	12.80970114967	14.2305709012233	13.2261612849392
19.7203533791746	20.2869446164484	20.1842546881386	19.1235884642	19.8397258720003	19.8842371102246	19.9332392043105	19.0385519904934	19.577674685249	19.4165906981285	19.6821396315877	19.9357343423691	19.6965459317089	20.1260395744	19.9241417276501	20.3723691391337	19.1625429456571	18.9052449835184	19.1893057847915	18.9308903432593	19.6830334331049	19.2754948158545	19.5884572324687	20.0898172567248
21.1079266641542	21.8940505918968	21.8287364387467	21.5366201812057	21.8305393844561	21.7499485146104	21.5171309461506	20.4481482410565	20.8458822895469	20.1789423866003	20.0858311726606	20.2885736067448	21.3843035052427	22.0884974415497	21.8872782639182	21.8601770318691	21.7254098080268	21.5170466612306	21.3081401285301	21.0258999147128	20.8839448815803	20.1450071021977	19.9693232783757	20.3805153195849
19.307936012896	18.7302611531064	18.9990026145611	18.5474192419926	19.1069296503869	19.215202761434	19.3122477848678	20.5022332368645	20.4537719962824	19.810909433978	19.6114054934976	20.1320126575124	19.4968316771109	19.1923253267631	19.1494775547147	18.6678715257743	18.9883971500734	19.0832706851906	18.8782185913687	20.7580496699549	20.3976533968655	19.7299072485976	19.7848776256333	20.1475134213502
18.8292602587106	18.790935477734	18.6334931290637	18.8229317582948	19.2592452042542	18.5615092217961	18.8348187277469	18.9383764289423	19.4453941362715	19.0143247421777	18.6972730345322	20.3765613806346	18.8441571231692	19.0981186357592	18.2219851089269	18.7762370287217	19.1668855310164	19.7720664476011	18.7458417061979	18.9455924328985	19.5182010645758	19.1746916623794	18.4366451286683	18.9817540058935
20.6172405555891	19.9936398412995	19.7751027904325	19.0933805955417	20.1034811965075	20.2894545836874	20.2003355010138	19.4165920725086	19.9264316156099	19.8639140173411	20.0737157729942	20.3572985554339	20.6053378392007	20.0397497492977	19.9031517288294	19.6159690217426	19.3574353089709	19.6993753262607	20.1878385347173	20.0014159833122	20.2398179827145	19.8068443216872	19.7433853668001	20.0534164609586
15.0599781204283	14.6494246018826	13.9438883698759	12.8712635550258	13.61121695936	14.1899789486325	13.9947953713212	15.0567223778309	15.3698585816483	15.0011882546042	15.2741718589283	15.3168118368582	15.0359732243261	14.2291192206586	13.6480579257533	14.0065014075694	13.5692622729161	14.3472061049411	14.5089914352152	15.0330070884171	15.6916435708442	14.7376346578909	15.0032690087615	15.1605280086943
15.9478575864585	15.9591869268449	15.1859723365916	16.3508586306657	15.9095181142966	15.7727441289871	15.9884627985481	16.3313018627839	16.9300327245863	15.2969998264856	15.609380765955	15.8057858493994	15.5668666733846	16.0521930077631	15.8576489790128	15.4771890686473	15.543797122312	16.0766207755389	15.3054917921107	16.5495941727877	16.5254902224615	16.4213964536227	15.9856789013549	16.1737552021047
18.157052462982	17.9217073049759	17.413553557976	16.8584141207963	17.0145653893938	17.5721969005226	16.8679624033041	18.2402400940093	17.7532864025304	18.1713592605507	18.659058655491	17.8279876837153	17.9623368617045	17.1665750206182	16.9945670554189	17.2650411553876	16.7151352987581	16.9700909074104	18.0165544127601	17.4705741467053	18.34838525675	17.6009171076528	17.3769223693789	17.4329632121218
17.7282061900421	16.8750653679814	16.6751254726517	16.5313256118655	16.9028932308647	16.9335754043877	17.0903329983729	17.7397652300841	17.9477263427065	17.4454325313402	17.2559997794968	17.7171185630957	17.7116490508849	17.3304063233375	17.0515700793771	16.8473795733486	16.7446630538307	16.9759673519318	16.9140931063583	17.7793752413247	17.9147413235985	17.6037953526208	17.1735274983759	17.8407963603175
19.4211704172365	19.0788713601216	18.9218360955479	19.2585154282656	19.5452303418091	19.6133368489938	19.4276593103933	19.7602326437778	20.0452450678172	19.449452292297	19.3587255953774	19.6391993718859	19.3876660735343	19.3772578454451	19.3337304380941	19.1276199135554	19.2871261656063	19.4903619115512	19.4532110082008	20.0273719440995	19.9763454912669	19.5584742771909	19.2597325380684	19.6935629579819
16.5350626995303	16.3883873322266	16.5588043365463	17.4592661722641	16.5797210493406	16.5455929803083	16.5412630240137	17.2283458548791	16.3872095807196	16.2445496608277	16.9647996099022	16.9039485136234	16.4687300945835	16.5564836021964	17.0210522569826	16.3562456203622	16.7386156836057	17.2377919166275	17.6573928901293	17.2257566040955	16.6306463325571	16.7838423315383	16.6718543095234	16.6388035552617
16.1150436501617	15.4306485566982	15.3056224134646	15.5229186274371	15.5675550730698	15.958764150215	15.9205544563477	16.7416249831933	15.5665297826242	15.1524433018642	15.8093159598304	16.0962484539013	15.366788919815	15.4466956307098	15.5130490144741	15.4361476081142	15.3437293539215	15.6797641387827	16.6722181385815	16.1037454089751	15.9645514560525	15.3451742048005	15.4843508957059	15.7629597682167
17.2545365686405	17.0513735887789	16.933863513538	16.3968973975917	16.8259028639293	16.3147130451147	16.5131569919705	17.4539752378279	17.4248770487636	16.8818946355182	17.5208999819366	17.246703491662	17.1451991255167	16.7560545756106	16.1075780856718	16.0016940659999	16.4508890457431	15.854722314678	16.6974789332587	17.192957364635	17.5332333952859	17.1294775637052	16.9172866018636	16.8632938208899
17.774135009546	18.1585036792093	18.1781071874558	18.0763650323725	17.8822221143485	18.1872666838932	18.0641234780374	18.6916572005692	17.9032915044494	17.9405563967283	18.2052746176702	18.0822010286783	18.119152220622	17.8768666266353	18.0808608905108	18.5077146465192	17.5384491458999	18.2554020711618	18.0959309425851	18.338763943449	18.4592208046214	18.0826705626329	18.0326358922753	18.148377274311
16.9891875071046	16.3342645547966	16.1110609355654	16.3744678439575	16.1304901248449	16.0925438145839	16.2697293811406	17.0971028129691	17.2337288882753	16.3897097542099	16.7824309198324	17.162506067337	16.6810645076346	17.0331971325642	16.13550221779	15.7282925640472	15.4127131742074	16.1739828699003	15.6954729981118	16.9557369254697	17.1858820274467	17.2059682057725	17.0998237806928	17.4041298167173
18.5526165683389	18.9186114213276	18.9867771832326	18.3950180458424	18.7731665790222	18.794769101291	18.9020963536987	18.7645973455174	18.885985269448	18.3772529021536	18.6724944031556	19.0004622153146	18.8208333829801	18.9366465647842	18.8038967138217	18.686856123441	18.51792179873	18.6365738810244	18.7081206710147	18.9722300567893	18.9901566054844	18.4870156613095	18.6978861189365	19.0958176513638
17.1717338888084	17.2408192766558	17.1056698397529	16.8747652729112	16.8714721331889	16.9635057331579	17.0610089825819	17.2119199722618	17.2788335788417	16.6343856646339	17.1547126450336	17.6757549297805	17.3414927627671	17.0011497616936	17.2782074399614	16.9287226932384	16.8235372496223	16.7292135651481	17.3004032091709	17.561260594011	17.0833408130942	16.8210265361162	16.8892543981739	17.2115763986349
18.8141578874837	19.0849964859211	18.9236834102923	19.2361870791506	19.4444426900024	19.4987687152965	19.5127417485724	19.3337297102798	19.1707311327632	18.6465950376973	18.6275445712742	18.8448998333279	18.9536214705449	19.2819556770534	19.3683075133858	19.2028149432596	19.1272059375477	19.5371438144646	19.5047717978834	19.5250523801938	19.1504026297914	18.9065275671765	18.5056267918752	18.8188255518273
21.0019894987608	20.7575360991949	20.7282158796912	20.809593872072	21.213111539004	21.3517500136471	21.362597749217	21.2713114169533	21.2967866615797	20.7801541890555	20.4509699045102	21.2657006908367	21.0178036357054	20.990897078838	21.0082781511109	20.8005494796055	21.1272380606269	21.3558699233554	20.9917575631111	21.4681505265548	21.2957293312573	21.0505911226091	20.8251829222469	21.2574430919044
18.4113247801531	18.2440385825277	17.9226405343016	18.5489648586829	18.4590139634656	18.5036885951333	18.4332132228474	19.1244680200656	18.8999125005828	18.5010804006852	18.7787765869408	18.8536923143307	18.353245917762	18.2076149366477	18.255978272438	18.2038052096864	18.1675439187891	18.5352880349828	18.9738309388443	19.0068109209002	18.9858391581409	18.7751730030081	18.4146164243066	18.7271271866525
20.1853594135359	20.4257660308115	20.2688602533311	20.3208479147348	20.4498045635582	20.5688291694358	20.4150099817923	20.7509757090259	20.7195603946136	20.2350438477533	20.1964044172951	20.4072708766461	20.3662606632953	20.6003349003368	20.5255730597607	20.316560702763	20.3684197803415	20.4546055397823	20.3628873588545	21.0763800389634	20.7700597294956	20.3487123078244	20.1277932779496	20.4092873381626
19.0399703569612	19.1256972370434	18.7198756358963	19.1463084617685	19.0776398183658	19.3389140684445	19.3162594314691	19.3796448876713	19.2457337373788	18.9169912765905	19.1866921886002	19.4054939868649	19.1189638781851	19.2754038777083	19.1452986523853	19.197019068091	19.0461239430886	19.2325919035396	19.2855730507272	19.4837029573584	19.294072496953	19.0675078885986	19.1156964918647	19.4261787448145
15.2393374720993	15.4322808972142	15.4356594103013	15.7637051481115	15.9566257211791	16.1412356979269	16.0229962542011	15.4627259190037	15.0704564159446	14.4814420765763	14.8674557190111	15.2811693697401	15.2867502621141	15.6814717765021	15.7461993795238	15.8474244347274	15.9046267822763	16.1062698462059	16.1428715575552	15.4008905516782	15.2711590299934	14.8165170444305	14.7183366504916	15.5516703207564
16.8727029324014	16.8459983839684	17.0935310442315	17.0298875059555	17.2024730120505	16.9425488679026	17.4076273750802	16.7200571747055	16.459581037765	16.0913114097227	16.5358777915069	16.4753006757537	17.0282874058644	17.3742923608136	17.2981431369506	17.2179513888355	16.9443269676919	16.9329336745816	17.0963445516589	16.6196516257246	16.5288559565532	16.520158250863	16.2483847096712	16.8736714509192
16.092915394917	16.2349764330896	16.1190491843082	16.1417013752811	16.3293846714232	16.3287333556679	16.1513931828541	16.5149092107219	16.2799067596563	16.1288066020381	16.4940951281424	16.4334767741995	16.2634770594801	16.1885985038198	16.095259648123	16.3327999916366	15.9914111241944	16.0662574053523	16.5767943228654	16.3421730765252	16.4103464493091	16.222065322394	15.921686000164	16.2745903246006
15.4550274840035	15.5487165676503	15.1550553749092	14.8499751591125	15.0031884720132	15.0518037090428	15.1847462299717	15.5088883023264	14.9536962979222	14.9141515162468	15.5108156682781	16.1114209851849	15.7141471162111	15.1322386392517	15.2038577712056	15.065724657554	14.8359352558132	14.8287811089804	15.3172948340879	15.5448940184113	15.0811921400761	14.8209766926212	15.244264718289	15.3880659811474
15.1195085681811	15.0556637365934	15.0349565410129	14.8814007882795	14.3453012824338	14.575952804252	14.89001088367	16.0553954241092	15.6932419137551	15.3775720627901	15.9207792856965	15.6907073549287	14.8496494391719	14.879296060393	15.1620109870668	14.8370611895936	14.8787055474	14.6297170970023	15.4211772673443	15.6603116517501	15.9158327070456	15.7052003780631	15.8519279359591	15.4041972818862
17.3493733873049	17.6534294093245	17.4920461524099	17.460943772896	17.3461111393188	17.5719328308962	17.4662623746791	17.5370135956354	17.3084516177783	16.939847001358	17.3300765547975	17.3807626096886	17.5376582535273	17.5253372795656	17.5589637344013	17.3657072983989	17.3365501440514	17.451133285782	17.8014305022339	17.6354347221647	17.4287390964854	17.0974869380842	17.0231009677871	17.423081345222
15.3115472960862	15.4055071442363	15.9576991100443	15.3900457700121	15.6537407787066	15.5070926088501	15.4957405425618	15.6877675084255	15.6877310640782	15.1578337522676	16.1386651167072	15.8315051850853	15.5077636754296	15.3558672356137	15.7364195491162	15.6493965325205	15.0883465748405	15.1099938458452	15.7631777793495	15.6711448092607	15.7784365261559	15.5745476255033	15.6122925941095	15.5616969728051
22.6969025973856	22.2043872615066	22.258098343487	22.5362128233805	22.7676780200016	23.0916995005947	22.7681222540089	22.7285994682968	23.0081966394546	22.7973668574044	22.1190123385942	22.8489638510894	22.6462566287878	22.7257282110791	22.5224238095935	22.377726145501	23.006696116549	23.1359459588455	22.5016500505813	23.1120833181797	23.1938051145368	23.0197438128512	22.63979686693	22.8889330936428
13.8514887915658	14.8036266352603	14.7903484967519	14.5654194680967	14.983171762188	15.2219017451077	14.8460453293894	14.0392332303646	13.6381719086231	13.369642781915	13.2765606382184	13.5008003935958	14.1671044823799	15.2133890539067	15.0401898158445	14.867133922313	14.9686817911944	15.1396978953165	15.0088370943886	14.0134971542917	13.817016944541	13.7078983162412	13.1098306542788	14.4570433070519
15.5505463971558	15.6624875823082	14.9246269599053	14.8881565909075	14.4903181642657	14.2509398679069	14.5850799027671	15.2550285698187	14.735362100255	15.0213270326244	15.6522194455406	15.7840724611058	16.0570468722307	15.5472259234252	15.0475357759338	14.4889280076271	14.5931965715082	14.4337810210384	14.6302671250268	15.1325666682686	15.0101492583718	15.2334449211371	15.6205730470118	15.2679869131554
-10.6243029227108	-10.432372435903	-10.4401915164782	-10.4612176706373	-10.7790349751667	-10.8275182268924	-10.878718896668	-10.8479830378712	-10.6485017272147	-10.7885495884741	-10.7027288095911	-10.8613360703549	-11.0600256585435	-10.2693233720974	-10.564843247786	-10.5041196927591	-10.5360148700145	-10.6512830416005	-10.8652568156195	-10.9241163285925	-10.8538904841808	-10.7629514974279	-10.6966009447851	-10.6826842557742
-11.0845924317746	-11.0321909469863	-11.0810283303394	-11.1873453031213	-11.1815429466648	-11.4003542643306	-11.2327188018448	-11.3038057704051	-11.2331992871206	-11.3063002217837	-11.3032825723597	-11.3666545516609	-11.4622858845698	-10.9282668620587	-11.0128096071951	-10.9386056751017	-11.2406646620609	-11.3233826694043	-11.2708730816169	-11.356336931326	-11.2495412322291	-11.2774070106213	-11.1243592613466	-11.0818678038522
-13.7062110106706	-13.7858427388365	-13.794980489431	-13.8986123870031	-14.2314000641756	-14.0009811155888	-14.1651313432455	-14.2057545575322	-13.6598803086427	-13.8123002563063	-14.2736692216153	-14.2542755022558	-13.9762512837132	-14.0766999144722	-13.8495324826612	-14.0970352110768	-14.1726475957808	-13.8844915720953	-14.0218346851299	-13.9483187238455	-14.0980629874697	-13.9519981435098	-13.4332493660415	-13.3275133876074
-13.6689183127547	-13.9187335723771	-13.9651212627052	-13.9744816906519	-14.094583224468	-13.8889537413531	-14.2451482003723	-14.0956956405505	-13.9622425529605	-13.8442610842091	-13.7326839422192	-13.8149887613666	-13.7558612152879	-13.5189310993551	-14.183184855288	-14.0790007564475	-14.0521719915165	-13.9521776597085	-13.7865865698243	-13.8616917913651	-14.0306515634187	-13.4860200910174	-13.6909323747432	-13.7869450062447
-4.47048406891308	-4.21053451581222	-4.19338988696301	-4.14309178949685	-4.15738401007526	-4.25716869446159	-4.25007609854758	-4.27683152688623	-4.36845467781106	-4.30987390571937	-4.31304715739516	-4.24333393816339	-4.19871665870646	-4.11106338325364	-4.06088876114163	-4.11380480761587	-4.02716120314711	-4.08777691711562	-4.11343233148347	-4.24888938854276	-4.21339064119571	-4.15748117238526	-4.06396355229533	-4.04101216948987
-4.66206287826999	-4.38741949094131	-4.35050320984814	-4.39051399063937	-4.36274885258132	-4.45777608080727	-4.40160470808032	-4.44030644356283	-4.5398194321223	-4.55453344579653	-4.407381745032	-4.37106340234946	-4.3500106368554	-4.2998309147307	-4.15514036015884	-4.20546488705345	-4.30181632008438	-4.3009578004284	-4.3446585231613	-4.47039171108272	-4.41864709916782	-4.29871216224669	-4.26910206891549	-4.26609970657534
-14.0657762259262	-13.8561512158533	-13.7011510024922	-13.4883457894628	-13.7675588600153	-14.0297327092474	-14.2050176359875	-14.2725599436761	-13.9147337440723	-13.981527741334	-14.024316057561	-13.5948031432869	-13.8047708157688	-13.4846283918938	-13.739882397147	-13.993680004982	-13.8084507433433	-13.8080535771322	-13.8841932238564	-13.898718304384	-13.5172724706838	-13.490319626196	-13.4048930337923	-13.3788602676076
-14.8585955746343	-14.6059635476327	-14.5685731107288	-14.9173267947692	-14.9420368101501	-14.9233453833	-14.8876185769104	-14.7667908940973	-14.3976949656494	-14.9840959342859	-14.61615124531	-14.3775788414967	-14.420530415798	-14.3942674117102	-13.9742700491615	-14.3551470763764	-14.7557106103905	-15.037041832399	-14.6440345110721	-14.829727268603	-14.8776230601029	-14.2928299100861	-14.0068444028591	-13.9606898788438
-7.05813853025293	-6.96689816983567	-6.7404243494539	-6.67239332182447	-6.98990699764934	-7.10096027907978	-7.3114267092041	-7.25619332582648	-7.00465636680718	-6.72988985195546	-6.05975697470421	-5.81965269753943	-7.44406838777045	-6.69302742313046	-6.49284546840582	-6.89437840061939	-7.15442435776873	-6.85587949169509	-7.22986653161116	-6.94315895360137	-6.95626304032938	-6.38919788707221	-6.2665157222401	-6.26254954780843
-9.62723250623541	-9.49349122113239	-9.35068719713686	-9.23229201078074	-9.57280678502637	-9.64272823066966	-9.93750238691298	-9.87207231896219	-9.51554277736435	-9.26588499581449	-8.61064580805464	-8.3612967631868	-10.1107326205732	-9.3930014782771	-9.06611683648724	-9.56660988222834	-9.7382241661505	-9.40550134271611	-9.79622338316089	-9.55718210304142	-9.45373250846453	-9.07429295897812	-8.98757250613298	-8.98408510140503
-11.3657847048536	-11.3835699032096	-11.5263824948732	-11.4188568606099	-11.7361541867866	-11.5963026948871	-11.6071876129005	-11.7006320900245	-11.6906712175693	-11.616376039573	-11.6250950189061	-11.4115850904225	-11.9075696707168	-11.37600304213	-11.7721143071179	-11.8389979292667	-11.5629807611605	-11.8006250617092	-12.0701782775312	-11.836945628226	-11.9421294884225	-11.4977193273919	-11.730997493496	-11.8338019886263
-13.5708194144403	-13.5065209316475	-13.7949552958004	-13.6797571302452	-13.7976927860659	-13.9312337315013	-13.7518591484036	-13.8200452481583	-14.1531042731648	-13.5606617735806	-13.6185308943299	-13.6759594256618	-13.6886746936166	-13.4497291869144	-13.5403803920537	-13.6498411923353	-14.0409000787721	-13.9928430676566	-14.6905892691302	-14.0122058484021	-14.010644569187	-13.5786315418235	-14.1152553561205	-14.3471113023819
-8.28758366599316	-8.0951124636369	-8.12451619621813	-8.07323408802715	-8.25699668216615	-8.11148011171855	-8.17827059605153	-8.10289727793128	-8.34980863665367	-7.87804411520409	-7.85667554884913	-7.81825810383294	-7.83407860545026	-7.73108599792783	-7.64594837954941	-7.75751069577272	-8.09875781113387	-8.02978924341966	-7.75000449552015	-8.00389056842322	-8.00515572798759	-7.75834993632595	-7.77340882187955	-7.78913968541341
-9.23855049161376	-8.96960403952991	-9.05282063898888	-9.03066126408986	-9.13189183469301	-9.03710593411445	-9.07435299476873	-8.99572040826172	-9.25590867833151	-8.78767427414295	-8.77624096559239	-8.69077781100241	-8.74490809577302	-8.64880120905797	-8.57275230769339	-8.75707045449376	-8.93791122859001	-8.96798702936494	-8.66965580489748	-8.89655174179981	-8.85179414605024	-8.74176834925262	-8.63280690845067	-8.60793661551978
-10.0193330503843	-9.71626844972334	-9.85231095838743	-9.82864223996634	-10.219617393659	-10.2033530102856	-10.2404496804141	-10.1785751487818	-10.2043348157719	-10.1127319597894	-10.3383133380787	-10.1494597656855	-9.98327171139093	-9.89640727560146	-9.81563584022267	-9.91979074849936	-10.1447570447965	-10.3059925737452	-10.2402832565051	-10.5681498669128	-10.2704034100842	-10.2488624562543	-10.0500292313144	-9.99553162805614
-12.1072404622027	-11.8201264101985	-11.8096930508943	-11.9432285948143	-12.084142933983	-12.1997515612159	-12.4051052062931	-12.275070917742	-12.508405141962	-12.0805877265178	-12.3705968068	-12.3984548141399	-12.0045403281446	-12.0316843954976	-12.0934948400349	-11.8500070823383	-12.1293844777444	-12.3966420883964	-12.3521495818918	-12.7575777408526	-12.399209548156	-12.1671994556841	-12.1616613299372	-12.1654566294985
-14.704171978974	-14.8271764726244	-14.6293123081042	-14.7907928377886	-14.6825925153731	-14.5653604219961	-15.0778842337871	-14.7544566620658	-14.7730588975804	-14.246579475132	-14.3480906283004	-14.4854921118055	-14.6942883000801	-14.6145093685855	-14.339299364237	-14.7990702288434	-14.426058643081	-14.9480421076153	-14.3747109399507	-14.2630339110344	-14.1807222682878	-14.6847625682649	-15.1682656057935	-15.2756395472489
-15.4342047036108	-15.606769623412	-15.6730573600587	-15.726121011739	-15.7489302319275	-16.0804328838331	-16.4085311273012	-15.9782003053342	-15.5761346296027	-16.2384461657017	-15.3775860975533	-15.4776170051233	-15.4209789104129	-15.2183958512576	-15.8925896834108	-16.1990936825886	-15.861222764271	-16.2050210135277	-15.5412187809942	-15.4174773616228	-15.4689337751325	-15.6900394708269	-15.7623220312735	-15.7697486175189
-13.6655607983118	-13.6739552626981	-13.7353920854046	-13.5310514175094	-13.3955272745268	-13.6033354694786	-13.3619531841509	-13.2810647283654	-13.9373539502434	-14.0140958093516	-14.7155524541734	-14.883208648564	-13.4209789104129	-13.4334393447296	-13.4770660663761	-13.4139846926853	-13.4772684288367	-13.6618551618043	-13.6347810017076	-13.9645588775496	-14.3397812618533	-14.3468173581098	-14.0037976105988	-13.9251423001647
-11.8394446509081	-12.0891638704417	-12.0350529523775	-11.9582623310131	-11.8235049844701	-11.8710190467638	-11.710990419886	-11.8972357959353	-12.2152066591049	-12.1419908278215	-12.2449260327031	-12.1724510585049	-12.298359623749	-12.3249062698852	-12.2563292131701	-12.1346704617613	-12.0023096919869	-12.0652446314911	-11.8449518059966	-12.0398362184992	-12.2375784212827	-12.1488321268503	-12.4456125114246	-12.5459055223137
-12.9674580153281	-13.266098759831	-13.3647745743611	-12.9817101433897	-13.0401945121507	-13.0655542818646	-12.8760255551149	-13.1005006309483	-13.5804616102887	-13.2602355248611	-13.3868459959828	-13.6140275350906	-13.4444378832369	-12.8356612134514	-12.9821897253846	-13.0492338931202	-13.0134306442475	-12.8551204237619	-13.1031587580661	-13.1550297356362	-13.0853123096244	-13.3658918741625	-13.0211093536254	-12.9251423001647
-14.6517712475233	-14.4829691481622	-14.9984782741814	-14.6556946278662	-15.1117195286319	-14.502572304091	-14.6830192352983	-14.8067975219581	-14.8153448079877	-14.4427449121714	-14.1831028863166	-14.9746965533116	-14.4468048977808	-14.5238343163923	-14.6191311269323	-14.75883210495	-14.7023603788706	-14.7685940256522	-14.6890085970895	-14.9646696181074	-14.8851155096879	-14.9339230658494	-15.098632799285	-15.1381360234989
-15.8650890062324	-15.5120509844099	-15.8309214289112	-15.5529162012642	-15.7604831694794	-15.7614769749405	-15.7035342907804	-15.6328622031663	-16.3781939056893	-15.448411748118	-15.9370219359413	-15.6427298320077	-14.7722908120814	-15.4186276829739	-15.6593158178141	-15.8082683563814	-15.2973772712553	-15.4813780951153	-15.2435871681386	-15.4079545500986	-16.1802906371412	-15.5003024010585	-16.0627893894573	-16.3345332363024
-15.5687283476222	-15.1911927656435	-15.4607586612839	-15.5974775847694	-15.7548225484281	-15.7129447932778	-15.2886089707576	-15.452720653356	-15.719741917679	-15.4442014179469	-15.6302008291388	-15.2269436524261	-16.6858760602639	-15.0489001150345	-15.6836993516026	-15.791972733453	-16.2286903900239	-15.2946659771592	-16.1994672453823	-16.1360018761106	-15.4921637811809	-15.7692126904782	-15.6239122238121	-15.5619437324055
-11.4039169188618	-10.9736829168123	-11.0014780896644	-11.1165970814104	-11.1922601178008	-11.1995944998631	-11.1670318310542	-11.0758103796447	-11.1353488720014	-10.8485858269236	-10.8953050395449	-10.6472054358688	-10.8974169543559	-10.846093424505	-10.723253433835	-11.0803979216457	-11.1713727768102	-11.1969183885929	-10.8396260510725	-10.8624999978837	-11.151057410129	-10.9005380543187	-10.7201076390684	-10.6906770465277
-12.9139150782239	-12.5782316707605	-12.7287136358828	-12.8660745569047	-12.6459470229399	-12.7656358126922	-12.8700332321472	-12.7397744580396	-12.5589650945137	-12.3669745561152	-12.3289055044133	-12.2332171604773	-12.2002495382991	-12.34773913808	-12.3148598565369	-12.6778319845542	-12.7442167574061	-12.6807679717316	-12.3941069758781	-12.4323153310039	-12.5933570582603	-12.4099956288322	-12.1967218416167	-12.1546241462875
-11.638156784566	-11.9604946839388	-11.6333399809422	-11.8449562193123	-11.9646826785243	-12.2444345378009	-12.6877311320366	-12.4801977262264	-12.2040473740172	-12.3063331832949	-11.8507865246548	-11.6050395537026	-12.2254281012951	-11.7377187811054	-10.8445499182495	-11.3941187788799	-11.8634232848505	-11.8101853124529	-11.9165366719644	-12.1795163296766	-12.2717411181342	-11.8423204791342	-11.7190154314502	-11.706796711891
-15.5157716379307	-15.3428866302272	-14.8972874033719	-15.0583824805888	-15.9538212139559	-15.9830241733063	-15.8377046888229	-15.6587143484197	-15.6630962621371	-15.4701146414406	-15.5365236723835	-15.5717295752029	-16.1272477073562	-15.105562233536	-14.7197107561726	-14.652614040901	-15.2542287366081	-15.494707891905	-16.1701397254694	-16.042368153238	-16.6764518250133	-15.4939683255438	-15.6764680914853	-15.7970991056639
-16.0214541000634	-15.8795001840731	-15.6871178290682	-15.3318194424191	-15.2423870857107	-15.3634319761156	-15.4583858799167	-15.1340624415883	-15.249597571026	-16.0523620897959	-16.519602362563	-16.2020924215102	-15.8329171710329	-15.2391892695645	-16.1711414414909	-16.1218599295892	-15.2936544097066	-15.4373310056723	-15.2137740342304	-15.3615565367345	-15.6722821601559	-15.4264717108229	-16.0026972647182	-16.2376716970499
-11.2688523376597	-10.9926640323606	-11.0410292344983	-11.0712263890637	-11.1526719227108	-11.1217831152891	-11.2183515886686	-11.065357102022	-11.1854636886429	-10.8120403249928	-10.8936697900693	-10.6648211216803	-10.8853272603605	-10.8585170831078	-10.9891654540195	-11.0033852713626	-10.9214919052879	-10.9581773722652	-10.6661988626479	-10.8047495116383	-10.8642626536493	-10.7265281522588	-10.5932619403463	-10.5659812990784
-13.0979595230015	-12.9922693267234	-12.785029114473	-12.8065509243736	-12.6351519196645	-12.7662471064622	-12.7380716134544	-12.6997893306155	-12.91366209662	-12.6971109912812	-12.5991119939319	-12.2990143811633	-12.4444378832369	-12.5491541578856	-12.7650594629016	-12.6504902210207	-12.5450739995159	-12.6280924207202	-12.1545142687196	-12.2997133658029	-12.4592782285839	-12.6651794188414	-12.4509142172466	-12.3881142765073
-4.3604915271477	-4.42684088231985	-4.33780185242668	-4.40184179908962	-4.472781924814	-4.5041211765607	-4.52772950834905	-4.48509830432272	-4.41741339497502	-4.34679874569852	-4.33434269052342	-4.28806318195709	-4.35889972869167	-4.43581255851502	-4.44209471790679	-4.57293993016229	-4.59608676865922	-4.71940754635235	-4.62415715827625	-4.65822642197897	-4.50552988532447	-4.39443999533311	-4.34191384788705	-4.33177588084371
-5.90729225475727	-5.95455495534251	-5.86989813700484	-5.91378571064717	-6.04742860975802	-6.05075424908618	-6.04453905820567	-6.00319524022628	-5.94622328536327	-5.88875535494234	-5.88034190067188	-5.78525968008526	-5.9261384802018	-5.8413056072375	-5.92555930884991	-6.07630426318312	-6.11577775677325	-6.25335260287329	-6.17010274700244	-6.16891113027127	-6.01481267767337	-5.9496344288561	-5.89161396880596	-5.877744249949
-7.42524971739903	-7.31055148507488	-7.13964588692507	-7.07799879547202	-7.16288084185457	-7.0894076421868	-7.16843952471344	-7.0530246070403	-7.01390260183799	-7.11085625116058	-7.25973495141533	-7.25496138254263	-7.42196047873442	-7.15632912122443	-7.03626167677525	-7.16917574406848	-7.18522120438347	-7.26665636516362	-7.02392539317532	-7.05129732980821	-7.02940572509133	-7.17352968416492	-7.26238114562433	-7.27671338060019
-9.5739172597887	-9.47992636410598	-9.26762855237993	-9.18453722967085	-9.3044338067617	-9.18963721982649	-9.25168474511346	-9.12788138121834	-9.10691843490337	-9.35712026486901	-9.34236059100639	-9.37929820822451	-9.61290326144581	-9.41515359355685	-9.22258713751849	-9.31262653294413	-9.45140706178859	-9.42702691370496	-9.17781451546133	-9.20879005641703	-9.16735030166394	-9.28119566919767	-9.39422354274841	-9.41726377990899
-8.45250750014496	-8.46999686436617	-8.25676442048162	-8.30897288359159	-8.20806432384712	-8.20496183926606	-8.19818157226264	-8.25326173704859	-8.31375249920533	-8.74653283710252	-8.74542935930841	-8.85820316990573	-8.96578428466209	-8.29592033703762	-8.19572715243054	-8.13334781505178	-8.13339452634854	-7.98591285801243	-8.13840768485775	-8.1748910983082	-8.30111831591366	-8.53912784362314	-8.72003512178772	-8.75731423955801
-5.97241759784412	-6.06573591781968	-6.20294690601011	-6.20020155071071	-6.32759963882906	-6.37919619577767	-6.30725267797429	-6.32194029327447	-6.50414391722756	-6.70685144220873	-6.78163706368336	-6.72061207933305	-6.45519462575083	-6.21943352521521	-6.28592836058484	-6.28000225428009	-6.33869713018019	-6.45050481711937	-6.34789731797877	-6.54020359418696	-6.5799999808796	-6.70352713978877	-6.73284243620652	-6.73131903102506
-7.23022434953505	-7.34761050209446	-7.47837741614896	-7.51461551413619	-7.63077070401915	-7.68149055450384	-7.5734357154022	-7.62815407948634	-7.85951342769055	-7.93188211285295	-8.11626436217346	-8.0571668567644	-7.76784490705018	-7.56137317749514	-7.62697549492252	-7.61771027460056	-7.66761058859392	-7.76824438392246	-7.66520910719815	-7.80703052579031	-7.88639577446686	-8.03619372362966	-8.02220273668253	-8.00885300655397
-6.05227532365669	-6.13813647904242	-6.09728499069951	-6.03304707719151	-6.0302438974877	-5.9927244412771	-5.9693393891173	-6.02274268888834	-5.706644944582	-5.72522909994736	-5.85033386746619	-5.97617618205513	-6.14635653030391	-6.24359286199493	-6.1896535071043	-6.06199672784642	-5.9941136550053	-5.98772387467076	-6.07723652083599	-5.91941051064795	-5.62115316471513	-5.75508445156894	-5.90831860634355	-5.93876111089554
-9.78516354941986	-9.88285950152476	-9.77550120018194	-9.77330680302402	-9.70742700254792	-9.75018445987427	-9.7214107278716	-9.73275865315674	-9.45171563886698	-9.39375106815485	-9.54983079357592	-9.64101744688519	-9.80531961246884	-9.91600959277707	-9.8670664496504	-9.7414919372983	-9.70331233130993	-9.7002090564575	-9.88586116653678	-9.63656605393324	-9.34857498483219	-9.41721179272224	-9.61177728028962	-9.66092970313367
-8.99172626375382	-9.24328555454798	-9.27480752206319	-9.2183435609049	-9.36626932031323	-9.22849376692062	-9.16137619505584	-9.14465770337111	-8.32094744333221	-8.27690950595716	-8.40697073574993	-8.52041556515499	-9.19526613078486	-9.27704382116023	-9.31473409146881	-9.32530989227747	-9.35626851467348	-9.41306639751535	-9.12989827343889	-8.50303563008083	-8.26140946988184	-8.43544172505531	-8.44298889515543	-8.43433729326793
-8.06172291232558	-8.17594333900972	-8.09920645812205	-8.10837278140266	-8.25993358384273	-8.24400641222734	-8.06398839860459	-8.14536313160243	-8.42164303447462	-8.722305969116	-8.87789095954025	-8.74772917423371	-8.44222232860507	-8.13961964014681	-8.06836688892569	-8.17511933304606	-8.30093484738863	-8.32710373524387	-8.07923215012858	-8.20830131302652	-8.40424365452239	-8.6521083951617	-8.73777711202352	-8.74685988192084
-8.38105529513486	-8.31066052196944	-8.29229638404724	-8.3601785817486	-8.46503893721095	-8.52745461778004	-8.33656854077936	-8.37500124124742	-8.55500739136218	-8.91447689557206	-9.09001220894482	-8.89094381678113	-8.67386875884116	-8.34576584344613	-8.3035583132044	-8.38431760749386	-8.4938139710218	-8.519680418491	-8.2617319615379	-8.39069960379228	-8.64251261658262	-8.94868835681175	-8.94701943144621	-8.92986471040714
-8.73006284516965	-9.14455944810319	-8.91444741128563	-8.93118692749985	-8.76807887277402	-8.71894383604683	-8.77001482998769	-8.83253821079566	-8.60610438994255	-8.87924370225376	-8.98940628717942	-9.13853887961224	-9.31853750568659	-8.86117621333334	-8.70152731150425	-8.61805371442876	-8.72188737350706	-8.51524426227213	-8.69866938303247	-8.50899558850383	-8.50619966363403	-8.64930559481449	-8.85427431138743	-8.90640573758315
-2.59536644901658	-2.3388333417706	-2.24671132782326	-2.21378719312787	-2.22754300488555	-2.24391211631211	-2.2775059973817	-2.2458688007026	-2.31377790396592	-2.50969604976432	-2.54202367497527	-2.48361701658255	-2.44360665147561	-2.27865766021139	-2.20485857046458	-2.15788797039815	-2.20015825661094	-2.20597961087388	-2.20190757783473	-2.36305504660197	-2.37223584314704	-2.42352277372518	-2.457443934051	-2.46185835603184
-3.74507776141923	-3.55160096772006	-3.47689469046952	-3.43718996052602	-3.41459429178373	-3.45257644431647	-3.49286711062445	-3.47244902649397	-3.52580401821144	-3.69644381916469	-3.79265841815592	-3.74710775113914	-3.66792394973655	-3.47964528644181	-3.40432658828796	-3.35565763063468	-3.41265624891357	-3.43921344450894	-3.44396482666102	-3.58776995681963	-3.59397622032981	-3.68576457402558	-3.68254279119174	-3.67448780842839
-8.692690490495	-8.69902212519978	-8.69459855998031	-8.73634757554777	-8.80740802069083	-8.80662185537337	-8.70476286868732	-8.67046330836349	-8.74754845654181	-9.01120270219388	-9.17610448468422	-9.13202815981985	-8.85357478107606	-8.77675719608706	-8.74584059713727	-8.75596886087901	-8.91834148152474	-8.93654577848731	-8.59722773299601	-8.64908075280521	-8.77051705843227	-9.01814664540207	-9.10386830491557	-9.11240919838057
-9.42280757186748	-9.50142131763669	-9.42113455300941	-9.42908974902493	-9.45387262247388	-9.52602303968603	-9.39102975241716	-9.33887550420021	-9.35279134578506	-9.67380794970578	-9.81246415687015	-9.77999132271475	-9.59381550727513	-9.37371950096734	-9.37722742387201	-9.39113233793119	-9.54357856679869	-9.65492800567544	-9.22493904838059	-9.27747610583102	-9.52432725414912	-9.82025417423599	-9.83763094255093	-9.82717904643258
-4.82104229523078	-4.90365297987447	-5.00613283604953	-4.931351586737	-4.80802024593685	-4.75420099353989	-4.65635882259762	-4.72286707027243	-4.8571395325685	-4.90141642468779	-4.99448184665216	-5.09440599060975	-4.9745015017632	-4.96957739429832	-4.97105594221927	-4.83617962431966	-4.79761990747159	-4.70787174613747	-4.6707872139427	-4.63614390067928	-4.77780664444157	-4.82933898095795	-4.98730781419028	-5.03295689986994
-6.65469999841097	-6.71016128235508	-6.78864609521701	-6.78633141073827	-6.64073614448628	-6.55929105866633	-6.55434097784118	-6.59503780971972	-6.64232835109801	-6.72612027596226	-6.79245734403892	-6.8522030564323	-6.74277121584741	-6.81138142098877	-6.81179835846987	-6.67881747104794	-6.57587595078408	-6.53115715420138	-6.50024704773096	-6.42730333124265	-6.58336388678834	-6.62150702585875	-6.80938186644765	-6.86624861111117
-13.0937391793418	-12.903322515372	-12.8842474104536	-12.9536524368079	-13.2791891459763	-13.369993178211	-13.0217352366858	-12.9852387124248	-12.1269225980357	-11.8375285640256	-11.9201581761323	-11.8791579560932	-12.450362717194	-12.9271049736019	-13.0692222123905	-12.7974299587289	-13.1407141514186	-13.4221348578806	-13.0254173274823	-11.9634179381804	-11.7834094581362	-12.106667013	-11.9031089010459	-11.8382342349416
-16.1742798546343	-15.2129479279476	-15.2596200374802	-15.4837950078488	-15.0827524733119	-15.5952618925737	-14.9694881593509	-14.8697390695473	-13.7788357768485	-13.8340563795062	-14.0169035045715	-14.252863024994	-13.4803574574918	-15.199687233698	-15.1979123574803	-14.9089167405568	-14.755848155791	-14.2880219678535	-15.0804386525731	-14.3917721894942	-13.9676669834819	-14.0446360002223	-13.7321495139663	-13.6527091963287
-12.3549644984495	-12.5288735999691	-12.5820242584745	-12.5658553964052	-12.7539905197333	-13.0946067594203	-13.5647719817759	-13.5564521140008	-12.7034097619994	-12.6447352138356	-12.9292938098134	-13.0221539938417	-12.1371527029741	-12.5184913032468	-13.065277720637	-13.106862752383	-13.283980402521	-13.5846663911721	-13.1027929466408	-13.1826049654181	-12.8880803287069	-12.5924614069807	-12.631373693566	-12.6544947102211
-8.20280875152524	-8.29000724852251	-8.54161355236208	-8.67575033162717	-8.75374080055559	-8.69831346102773	-8.69988563314124	-8.63241080790865	-8.42030224261777	-8.07761246027321	-8.24628327824699	-8.07325203816477	-8.11660918690986	-8.3923521682819	-8.51100948423628	-8.7783605842257	-8.8732255069319	-8.94433507078078	-8.89343188250577	-8.71520840882957	-8.46541007146721	-8.25984187818799	-8.16829363838871	-8.15324291588915
-8.50254087271899	-8.56608845150964	-8.73235731465454	-8.80015640229064	-8.92967422576653	-8.83388970051648	-8.82281145003854	-8.82349096381473	-8.68586726557794	-8.37497101251261	-8.53914060274074	-8.40443547532571	-8.4021954347335	-8.57451272930976	-8.70892246257732	-8.91771691815326	-8.9016517616736	-9.04638780350439	-8.89087135992578	-8.90230682823686	-8.81379198944387	-8.56278480167336	-8.44482532492621	-8.42597382033331
-13.3812863534194	-12.3273713744892	-12.6772670045056	-12.6680154944869	-12.8415515116798	-12.9759088244017	-12.7847422445423	-12.7580218925822	-13.5911141220223	-13.8794176164536	-13.7036998864862	-13.3598872465651	-12.8833221244701	-12.236477002344	-13.0315885874594	-12.6925124890227	-12.6552594171984	-12.997651415733	-12.5638415985297	-12.9565278919487	-13.4160700633722	-13.7698152082681	-13.8450315980115	-13.8444623453148
-16.1686844990191	-14.8444962935523	-14.8787654068316	-15.1400958765001	-15.2704160225406	-15.3712669264698	-14.9228771985332	-14.9785546974063	-15.6682529219625	-16.1695658350618	-16.5117473115357	-15.7513617842406	-15.2173230516581	-14.713295397724	-15.8510368543089	-15.1841137058718	-14.972107409938	-15.4478985563245	-14.977344624241	-15.5811775025136	-16.8698946484724	-15.6357921654435	-16.5550419640918	-17.1035788014626
-13.7253631306025	-13.2913324106919	-14.0592908726797	-14.4985867004969	-15.0301616161883	-15.6657579667178	-16.8373957359234	-16.0406080643203	-16.1084176514425	-15.5072931799509	-14.826890152932	-14.5649676169812	-13.8683359445463	-13.5590386837456	-14.4381014944119	-15.0494678576889	-16.2397930425821	-15.7909665714492	-15.3331645576666	-15.5841837725756	-15.0211956114431	-14.757943177298	-14.4753904713548	-14.4127080380913
-11.0837427752851	-10.4618803554593	-10.5768051648946	-10.6733121872835	-11.197961077629	-11.1920762010697	-11.5642088499902	-11.5288915941188	-11.5880359737636	-11.2429189391236	-10.5717046147708	-10.0117567697526	-11.4180731792375	-10.810958459099	-10.7099337675089	-11.2901334268801	-11.4472848221572	-11.3026017397828	-11.3095810443986	-11.6614647926375	-11.7599218319098	-11.2353329881886	-10.9409723280377	-10.8902085100554
-12.2922724880584	-11.968124280201	-12.0365176520852	-12.2050684160382	-12.5449839998614	-12.5267404480205	-12.7507177155422	-12.6550839578436	-12.9290407607703	-12.3967665809545	-12.0609264764655	-11.479388878228	-12.7098393036146	-12.134378547749	-12.0773240215417	-12.6033411604577	-12.708677429193	-12.7808128817744	-12.7150408026456	-13.0612887723183	-13.3238506804349	-12.5939959808785	-12.1759901906247	-12.1057145458066
-7.9337272686732	-7.90603870445783	-7.80746253292696	-8.03118145533258	-7.98317418303005	-8.09489205909103	-8.12588371026568	-8.11937121685256	-7.59690315597224	-7.71445130594222	-7.64158523858218	-7.7976992583246	-8.10196241094545	-7.70502331746314	-7.8030967913834	-7.80888786256446	-7.88853839800482	-7.90047749696976	-8.1007141231747	-7.74181330896747	-7.59949250295512	-7.57177804247841	-7.71388443768904	-7.75731423955801
-8.83958061765227	-8.69657287597139	-8.53727436577491	-8.71859043354729	-8.7399090026549	-8.79812725347066	-8.86480141581202	-8.8085766692832	-8.34407560908845	-8.54946782777297	-8.45955355103495	-8.67837720836196	-8.87333803589749	-8.45785072373789	-8.55247156380118	-8.56916068503275	-8.60979221502267	-8.60123068599584	-8.86793959721647	-8.50228271984702	-8.37112714347757	-8.37831253650678	-8.43510092046287	-8.45121111183233
-9.67267881644183	-9.80898651794224	-10.0522575316004	-10.4820374624554	-10.2960706974038	-10.3229646328753	-10.3182095386709	-10.2278669034052	-9.37837385995463	-8.98849816323571	-9.09577764563407	-9.20346475952066	-9.39503564316063	-9.53611173710537	-9.94285396716407	-10.2326429077886	-10.3411731765061	-10.2318570774487	-10.1901203364751	-9.90369780214561	-9.38924491468761	-9.11173488885815	-9.00248875011956	-8.98408510140503
-9.50874058643128	-9.72559371796655	-9.93047808684426	-10.4358921171451	-10.421677681092	-10.3775300593983	-10.2908705757733	-10.1533028622631	-9.32343353348429	-8.84901673508761	-8.96298489914478	-9.05849746281525	-9.27846006631125	-9.42833822068596	-9.86130461449329	-10.2174902941703	-10.2490896197287	-10.0928140812946	-10.0555399169968	-9.84331925535132	-9.28918394472071	-9.00840683790788	-8.84349091789664	-8.81075349851947
-12.1377748709973	-12.0027171298859	-11.8619753386287	-12.0067270710476	-12.1372108000135	-11.7712077067326	-12.0098923496471	-11.8578445251594	-12.0235959117124	-12.1970560336624	-11.8357519668285	-11.4515688651884	-12.0554214971468	-11.8604507665731	-12.2063265664328	-11.985056602768	-11.9340842719822	-11.8543603320668	-11.8641378776132	-12.1709308030671	-11.9266536571965	-12.0755014773168	-12.1812411871833	-12.1927639754942
-13.2336789405496	-13.1352224889149	-12.9487819496644	-12.9780275492406	-12.8778754520478	-12.7879796144798	-12.9683932187547	-12.9153462493963	-13.2449591516791	-13.2175998695034	-12.756462805321	-12.480537476019	-13.0045403281446	-12.8067294614281	-13.2199431738022	-12.8477190548764	-12.9735507079758	-13.1609152493251	-12.7854086821005	-13.1345908727613	-13.0221972415417	-12.9675681887057	-13.362098509654	-13.4873847243858
-17.5425416096037	-16.3265066937846	-15.9765904275533	-16.7577250838758	-15.6907566859336	-15.961535986557	-16.6030563272606	-16.2103520502519	-15.4146397037834	-15.4789750996983	-14.6522508340788	-14.8932796571192	-14.902687449337	-14.932808269957	-14.8227476712678	-15.1980736159217	-15.146727249969	-14.9900757952763	-15.341637630409	-14.7199613378725	-14.6455629020861	-14.3933009261334	-14.3379182247303	-14.3395513110691
-19.7126989814139	-16.6141862058807	-16.1564630349952	-16.443597782802	-15.8879269316349	-16.5818788481295	-15.9987290855502	-15.9172784897035	-14.990329962693	-15.8271571177053	-15.2035860435699	-15.3473353638982	-15.2417760953826	-14.9104970492768	-14.7475199577711	-15.0970431230046	-15.8555540995245	-15.389664112074	-15.331252917803	-14.9804224937372	-14.8095014489851	-15.3266547278326	-15.2067993669782	-15.1425144640095
-16.0133644092198	-15.8480083263827	-16.5026195436626	-18.0510582244025	-17.0900196112098	-15.8918577761412	-15.2189118129262	-15.5805918502187	-16.1650659802458	-16.0694754778947	-16.2875513303402	-16.5796608178364	-15.7198233921872	-15.980383511704	-15.7789344024899	-16.1329081511861	-16.5652565102898	-15.8071308445665	-15.5371015624156	-16.5225708065987	-16.309954577552	-16.264733001126	-17.4357193381082	-17.990335977574
-16.89766919136	-16.6764529185955	-17.6181301881967	-16.8527819142252	-16.7430836081745	-16.64141158528	-15.7883484385835	-16.2043785198726	-16.9048616126771	-19.052534096976	-18.5687856532176	-18.1600640852718	-16.6747355026587	-16.8728590606336	-16.4852583124561	-16.1771952690175	-16.4377626686141	-16.7466432416984	-17.2414574990157	-17.5422541064584	-16.603964926549	-17.7835457291274	-17.0986939415268	-16.8809424962542
-13.4010426655174	-13.3853711116784	-13.6161085399486	-13.768474586817	-13.9266845608964	-13.2839116898966	-12.8024925174425	-12.7732200678162	-12.5663537265144	-12.4446445948685	-12.5865403209098	-12.8776501384129	-12.2877123795494	-12.8545620357991	-13.3328965679891	-12.921891071354	-13.0432192215197	-12.7824070632573	-12.477006945498	-11.9718489588435	-12.427358424216	-12.5979772458677	-12.312745237272	-12.2489799850607
-14.0746873728595	-13.6601975554938	-13.6899601593433	-13.8672271449542	-13.6754229555857	-13.2466951255333	-12.9651727982977	-13.0427782372026	-12.7350158418615	-12.937805250494	-12.994019467115	-12.9740229476244	-12.5699946699765	-13.3892074431015	-13.5718089448504	-13.5201522263694	-13.46134948368	-13.3208581663682	-12.9554051599465	-12.2551972640243	-12.6331362828097	-12.4894237297965	-12.4450197446236	-12.4539617228484
-12.8654210306728	-12.5181348576226	-12.4156301387634	-12.7733746921096	-12.6840031785897	-12.6905799709627	-12.3456485169701	-12.190843793358	-11.302858897251	-11.2234164805796	-11.4033243372998	-11.3940557608066	-11.3723602051927	-11.6951718883517	-11.7478605389985	-11.8205206336285	-12.0363994711852	-12.3993480821647	-11.7169144909887	-11.5821610613191	-11.017855016293	-10.7668065375983	-10.9495224690937	-11.0126051414151
-15.1828670211052	-15.1241561146849	-14.9532158633422	-14.7481076510126	-14.7587950729233	-15.3998808423319	-14.5428549289874	-14.5583449113819	-14.0122634443445	-13.4705482722822	-13.7191778099827	-13.6265261488832	-13.8282807609122	-14.1698891028939	-14.4129410019856	-14.2668839121111	-14.9399221731002	-14.8034858854669	-14.2577525296734	-13.9684188279939	-13.3321636265064	-13.1005535396174	-13.2962786580484	-13.3623511804422
-7.32213013501778	-7.52088280317514	-7.81523625441742	-7.9947109185714	-8.07778492788625	-8.50587106845384	-8.4332689850373	-8.38226346680151	-8.36708665025919	-8.08553393607096	-7.93076624042785	-7.62972538132388	-7.47183272244841	-7.63045818949571	-7.65079699238754	-7.79033056902254	-7.93780929186635	-7.94448696834044	-7.98479847552058	-8.12059971993242	-7.98019277206465	-7.40023579012051	-7.51231853711758	-7.57378295564822
-7.27053996515761	-7.52026198968314	-7.80797783280166	-8.02129924652739	-8.20973492691572	-8.34913428149505	-8.32585670369389	-8.3122128171563	-8.4395837929969	-7.94355638430206	-7.77882757869138	-7.67479902873039	-7.3745355210935	-7.59705711585715	-7.63573030347115	-7.59543992875016	-8.0283631890868	-8.29916264674673	-8.02698572475267	-8.14265120311233	-8.09965393750996	-7.57839255293083	-7.5198308298759	-7.52851822191244
-8.29007053108619	-8.43725405076616	-8.55107593964317	-8.67759112114117	-8.87822077156823	-8.9061451719168	-8.85881154540873	-8.85165517617455	-7.63932640220745	-7.57784504533651	-7.53559405968821	-7.50594496659777	-7.94472266913426	-8.41987482270804	-8.59879123605434	-8.83398908178753	-8.80708436480236	-8.96069180799701	-8.51835360049959	-7.45216194871139	-7.51239456239284	-7.60534761953661	-7.47835873331617	-7.44909105995796
-8.11406110274227	-8.1338609643697	-8.31536098435802	-8.45070886204461	-8.53655823224998	-8.6060331312934	-8.58259485481525	-8.55927495739961	-7.652337852981	-7.43208263568294	-7.60555148755054	-7.45254137962102	-7.80769441965674	-8.21020574126247	-8.42792567232496	-8.59349320371264	-8.55144042366794	-8.74083603229828	-8.34069304675879	-7.44811988639922	-7.53444923564372	-7.62655585783173	-7.51028453872719	-7.48339151758148
-14.5343063306649	-12.5593258776036	-12.6322317466487	-12.6528515412838	-13.4036037985607	-14.0988521555135	-14.0655620824402	-14.0085936068413	-13.640385539828	-14.9830737024133	-13.9453337884666	-13.3479390244328	-14.5397563803243	-12.8797220154754	-12.7063214871606	-13.2040232404065	-13.2642410117315	-13.8781891556107	-13.3389367914378	-13.9303229441448	-13.7651309998727	-13.5410716155053	-13.4054866713074	-13.3751752207998
-12.6962685967595	-11.4772926851197	-11.7813519800976	-12.0980434465416	-11.9933606901296	-12.2276547275125	-11.9224051510017	-11.7770993074415	-12.4663899456194	-12.5330810149882	-12.7090043590081	-12.430469954207	-11.982857798021	-11.5129151657205	-12.1104015641427	-12.154769050025	-12.2249873195858	-12.2553289467065	-11.798059166277	-12.1260410064539	-12.7079363739797	-12.5125766813795	-12.7434729345184	-12.8338019886263
-14.0440351820305	-13.1230177763122	-13.3216611121312	-13.2639350643595	-13.3544834397031	-13.1104502667403	-12.9918643486891	-12.9104893831083	-13.7547182562189	-13.8843163792794	-14.1118156282714	-13.5386364286708	-13.1952661307849	-12.9342346188115	-13.3439544741542	-13.3786581271557	-13.3400392135273	-13.3151584564501	-13.1020597675898	-13.3703363385593	-13.9167770421507	-13.757257868968	-13.7326371092769	-13.7412458709304
-12.6966786598875	-11.9472157386239	-12.1926982478295	-12.384856660825	-12.7221916010489	-12.9296701153875	-12.6916501393079	-12.4090381024712	-11.6339716611281	-11.2567280065912	-11.4368534425961	-10.9908632139174	-11.6438561897747	-11.6585010902299	-12.06821071062	-11.9551738836822	-12.4554329809935	-12.8272051463992	-12.1309499633415	-10.9534533258763	-10.4026806019169	-11.0786402225742	-11.2367888585592	-11.2196341375201
-15.5153856634711	-15.154821950628	-15.1251398549946	-15.676146742628	-15.5826838765385	-15.4692011190238	-15.7877498658476	-15.11734423998	-14.6853741977089	-13.9968393440655	-14.425231092209	-13.9068250121479	-14.7055814696115	-14.8871176744186	-14.9242060584894	-15.4445514265548	-15.2361573860092	-15.4930073888549	-14.593480684613	-13.6442297447335	-13.5234616952903	-14.0413261215264	-14.2342209068984	-14.2541598198384
-12.2510082039196	-12.0801704376077	-12.4266031530794	-12.6135157070244	-12.5548930908651	-12.7489144484081	-12.5614599020985	-12.6105066453437	-13.0722481476225	-13.5619458317092	-13.3855060556151	-13.1544394168941	-12.7827181835317	-12.0326076218492	-12.3021631494409	-12.2221345900595	-12.2617268955368	-12.4463171818352	-12.2327889337663	-12.643973275899	-13.1922684432654	-13.410788051287	-13.1196005118587	-13.0429787904586
-9.4594749602157	-9.12594929992476	-9.27374692038935	-9.3156944990788	-9.36287318186448	-9.41291832259728	-9.32455548106747	-9.28063768252786	-9.19702608512625	-8.84413695123007	-8.88843055703609	-8.95291099458097	-8.99763315070143	-9.05630642994354	-8.65674582978963	-8.76513862219892	-9.14255266110138	-9.3022080869225	-9.18864753041923	-9.31819798365418	-9.18921741947214	-9.1538143012056	-8.96773469956963	-8.92034833002995
-10.1857613060087	-10.0672601483234	-10.193792598635	-9.84009047746396	-10.2400156088821	-10.2791414873469	-10.2191676359896	-10.1485402948146	-9.66855099440018	-9.74135871097597	-9.97449595103704	-9.72335008367943	-9.8712974178068	-9.69681500656807	-10.0167444795825	-9.93217096458542	-10.2084286722265	-10.3711773572098	-10.1600163081472	-10.1251861257714	-10.1499550518705	-9.63894705132967	-9.7082501103556	-9.75611893425165
-7.38463680073401	-6.97524625145004	-7.08149202081045	-7.27558111859349	-7.42001122998088	-7.60217932844941	-7.49616839528249	-7.41117740254011	-7.35860619956453	-7.14477399723538	-7.19797929960332	-7.15429515670403	-7.04426812529341	-6.9221963999749	-6.93807778238039	-7.15394250153474	-7.2775530036371	-7.34747149148902	-7.29548436719362	-7.41720376453765	-7.27421999166633	-7.0790423694107	-7.06531938139089	-7.06959307863259
-7.62398339435808	-7.52945232162139	-7.62114236236101	-7.77726673113209	-7.66952064561187	-7.81539244693889	-7.74769722243132	-7.61337523263724	-7.62567488555349	-7.61236955781436	-7.60352029547803	-7.53031852165828	-7.32824186881956	-7.39102229652295	-7.43896592671826	-7.51241624033962	-7.6147530541227	-7.76532956941909	-7.79138514309678	-7.92828025231308	-7.69275790859459	-7.46486554368547	-7.46517675500583	-7.47386414704237
-8.18643342695223	-8.00820241576385	-8.32576454209373	-8.767013350376	-7.99330887243192	-8.29026328489946	-7.71901467510134	-7.53006420586482	-6.85478674362991	-6.95260239827634	-6.84967377205398	-6.93305213789553	-7.31313497642936	-7.68426551583508	-7.60213315681176	-7.43075549674855	-7.70687201670918	-8.10243296318749	-7.35563184686943	-6.92781819300002	-6.8582083742673	-6.95300093447295	-7.09801462339689	-7.13593557346129
-10.7880723243705	-10.3783093458866	-10.859148647886	-11.0614308868	-10.0232562941457	-10.7061711090215	-9.7711584888474	-9.76122915508417	-9.0280379277953	-8.96994252161973	-8.89478315462956	-9.0463850866696	-9.22378749083407	-9.89960228682313	-9.67120061075413	-10.0156964005603	-9.88755838576447	-9.81672088866732	-9.33722729041585	-8.80157188936037	-8.93588493822814	-9.1773907435381	-9.25526096985978	-9.26920210432475
-7.05269405988395	-7.17365799986183	-7.05804423360077	-7.09493346259591	-6.98435805578901	-6.83456366363468	-6.84019563084045	-6.69593124732407	-6.39314321284622	-6.25632455349894	-6.18502784686589	-6.18793730598253	-6.33585505292944	-6.69249979454903	-6.66912837433108	-6.7615090826837	-6.83751286073162	-6.76427929228061	-6.34677871013361	-6.40306115479593	-6.26527556981257	-6.18242635310357	-6.18829806809036	-6.19217968410091
-10.7317046695103	-10.2121050354321	-10.2986498455733	-10.3465370665828	-10.8586187511821	-10.3212209203096	-10.1925162224158	-9.94910098892014	-10.1161500420557	-9.62679322467408	-9.4858689883465	-9.29387214146229	-9.84498614069095	-9.8491838610879	-9.68128652294384	-10.1214077917818	-10.0344454306671	-10.221165132648	-9.89670826256254	-9.82941994291932	-9.58267602284662	-9.53166048347132	-9.2927105546276	-9.23425940734339
-3.28752268114963	-3.27571180039701	-3.26980271024843	-3.21755161103026	-3.34357450842412	-3.32259567332761	-3.38078379982951	-3.30210577943564	-3.23569481902281	-2.98061788379896	-2.89215309600485	-2.65654582861028	-3.12770888144686	-3.3167668357647	-3.14119273299809	-3.36208435181722	-3.45774954337742	-3.39206500553927	-3.32898148465307	-3.5372528022644	-3.30566816824966	-3.10828253087871	-2.93134306592409	-2.89248153659701
-5.64236024872626	-5.64372928076645	-5.6059329027196	-5.59130741831365	-5.80968856054531	-5.85406410251881	-5.88365051802479	-5.77717069936806	-5.709481111986	-5.40965588726998	-5.28542925162586	-5.12149966452403	-5.60041692850983	-5.78848557329732	-5.50791886021006	-5.86526023755808	-6.00590874090522	-5.93971470037904	-5.83853872645495	-6.068280337971	-5.77129250040391	-5.53791591639071	-5.38514534147421	-5.35303369512822
-8.85566184353927	-8.87351625383646	-8.62018628289434	-8.96440180404333	-9.47650005461367	-9.81736237901017	-9.93366224560523	-9.77397084683628	-9.59164203478511	-9.17356433712214	-8.87631206814924	-8.58782580654731	-9.04676485803231	-8.89654972946635	-8.53928745585173	-8.70489735798769	-9.1011360455265	-9.11430137681992	-9.43185402800295	-9.63705214445254	-9.5170643374382	-8.92787796232033	-9.25746489755085	-9.39761278724684
-11.1303200240389	-10.9068373799894	-11.0191923879193	-11.5104309259933	-11.2492806289935	-12.3485427349699	-11.892863655655	-11.7665908146237	-11.4468563603046	-11.7001967168478	-11.5218486509365	-11.1109003041676	-11.289288234475	-11.2075324281809	-10.7437273058926	-11.2572297407064	-11.8655549521285	-11.5758939827628	-11.8415791754073	-12.2584876917999	-12.1787103766016	-11.4182258155214	-11.9631209975109	-12.2090431217346
-6.0194360633818	-5.89995015070007	-5.9653832004415	-5.88671971861889	-5.76652187449737	-5.87835274659394	-5.85569276420115	-5.87847901756243	-6.02490248541634	-6.1202954614014	-6.16380287260024	-6.20536051360987	-5.99924420060741	-5.91684439595959	-5.99307641324714	-5.69602181768388	-5.74870039010691	-5.65521250250463	-6.00200357393487	-6.10218643442248	-5.94873378566415	-5.94137148624335	-6.10626102751021	-6.15086381498867
-6.58478761231863	-6.265191476672	-6.33803550471552	-6.28610332778254	-6.35340512684971	-6.33378087810729	-6.2259988608381	-6.30084845183608	-6.47694719749608	-6.60818646194505	-6.57507970165248	-6.66864499683572	-6.5464220388691	-6.35863283104252	-6.32989978969854	-6.1482538258204	-6.191009355602	-6.10269349911684	-6.32336921929	-6.46174194004938	-6.36190987493518	-6.49514238277916	-6.60281602939508	-6.62051400599321
-5.76348669357655	-5.99659849298511	-6.07263738762958	-5.98549611351298	-6.2662998079306	-6.14769503715929	-6.17924605990634	-6.1581560885988	-6.14734220310311	-5.75360557698594	-5.77361271747156	-5.6618836067473	-5.57616938226315	-5.65689449305111	-5.67544920111598	-5.55324923281877	-5.65842984900089	-5.63961866109787	-5.49781708514932	-5.69804197977285	-5.57292418760292	-5.39907875879014	-5.45865566719082	-5.48193142831048
-4.7405508413565	-4.24249167713312	-4.24606464979606	-4.27989406025213	-4.34801552800502	-4.43740952302234	-4.36509183756614	-4.36237726980575	-4.35378919670417	-4.36813974747815	-4.46734479450883	-4.41032828704916	-4.41293903339485	-4.23446453946532	-4.2160706941178	-4.24522496167219	-4.35512626350047	-4.38511958739762	-4.35806592881259	-4.37818007827036	-4.39984122659541	-4.5131890028438	-4.4158003881154	-4.38419462661468
-8.49616903997455	-8.02287086178414	-7.95876078668701	-7.91971523960999	-7.887732342208	-7.94978400760741	-7.89832944681703	-7.92706580495554	-7.94866040423154	-8.10669664020783	-8.06384035927393	-7.93347706128325	-8.04843175023494	-7.86422321371174	-7.8560365350641	-7.86906520253041	-7.87398201163216	-8.10392763319482	-7.85259634812586	-7.82286366982739	-7.90750193972602	-8.16361757438549	-7.97542504094013	-7.91596988951938
-5.00819394439305	-4.32913243365873	-4.32914606283017	-4.34572985722798	-4.55214469711618	-4.47222616625012	-4.51285035719769	-4.53845230857689	-4.69370205421939	-4.51017235452041	-4.65934377164722	-4.63613440477515	-4.44688636531818	-4.28802874614701	-4.32017288173152	-4.35672827217243	-4.41195035333416	-4.58333617546711	-4.3424875504806	-4.45815302884026	-4.50249090351971	-4.62790130635179	-4.56773718743163	-4.54391831520618
-5.20026459345528	-4.77430679335365	-4.49522129865134	-4.47608266901932	-4.59421703836474	-4.6940433860467	-4.59923693526989	-4.61631701088585	-4.67856519634135	-4.634501407378	-4.79031839158019	-4.84596805762836	-4.69352633290131	-4.45749677628805	-4.55241802379021	-4.55938983545747	-4.62829273720108	-4.73078445164183	-4.5227120092802	-4.71137650518351	-4.75920730768974	-4.79510153965792	-4.72217568315443	-4.69983645865462
-5.35159019622976	-5.53501644364465	-5.38856528791765	-4.96783275158436	-4.84403326862228	-5.01294510369835	-5.1288354631474	-5.21592165585756	-5.33434059354395	-5.4195692379942	-5.02158103947184	-5.13031253856361	-5.32824186881956	-5.49392411448376	-5.14181633121016	-4.89689156689096	-4.92401546062781	-5.05356206073158	-5.13143737279672	-5.42427311704078	-5.5779598507946	-5.05667804668719	-5.0894535230244	-5.1253663317511
-5.95351701791984	-6.13128367787193	-6.04510261244732	-5.60258636438295	-5.50253941443058	-5.6407804298921	-5.74910746956108	-5.90533535962093	-6.17838081373919	-6.03813856949873	-5.77220867388185	-5.9551902810244	-5.93616551798403	-6.28616022573997	-5.86849234005155	-5.50027792285616	-5.50992874532875	-5.70099149881485	-5.79294619127475	-5.96385743160763	-6.0636425124422	-5.80215390650988	-5.75200806612198	-5.75253621529793
-1.42976749407846	-1.66106526828265	-1.65433483808958	-1.73241695615756	-1.56137003452852	-1.59753153400002	-1.68715962216138	-1.62868096775583	-1.5913775811828	-1.59116004876441	-1.48697170636493	-1.54973789847884	-1.43832435181476	-1.43329450502804	-1.50418356980468	-1.52561637386798	-1.48756661708759	-1.52240254469666	-1.54970780109163	-1.53082177074475	-1.57981425580532	-1.46318107294503	-1.49301395207865	-1.50915289704551
-9.49011986022585	-9.40130259968138	-9.31856895202052	-9.4754320596261	-9.35550943473296	-9.51276336678988	-9.42762668577927	-9.3107395973489	-9.42223208882219	-9.14767764425714	-9.37313536479204	-9.43691432559096	-9.08902608250389	-9.16175293578136	-9.47321172572072	-9.27442390222247	-9.45945708035198	-9.22725455052474	-9.26546504476127	-9.19499120027011	-9.22037016378531	-9.28184955703311	-9.0996465625676	-9.05187130867281
-5.90211161250023	-6.11606111804292	-6.12272050686893	-6.2941994542212	-6.19946171643348	-6.41358805522798	-6.34463499107397	-6.38580392976258	-5.64380652488257	-5.92774946819863	-5.86108914144418	-6.10442010234619	-6.15438505054372	-6.02265679591131	-6.06219694600657	-6.00658326288677	-6.07905551245523	-6.00146741659315	-6.29126188529807	-5.88920168045856	-5.66516758645918	-5.74863977257317	-5.79400118012416	-5.80049267209944
-12.8689489901987	-14.1221896442136	-14.6562966843542	-13.635962047274	-14.7581992953911	-13.8243336615486	-12.752913220109	-13.1853975313346	-12.9610769004389	-12.5785235042175	-13.0644823957782	-12.8765173231098	-13.6310611407592	-13.2921502265527	-13.0401919031297	-12.8262081441461	-12.9106822214102	-14.2066680615269	-13.1302561745273	-13.1443294077987	-12.9301898851796	-12.7420283745343	-12.6898694753012	-12.6833711454541
-14.6493548011041	-14.3051611050227	-14.2059221055291	-13.8649694065454	-14.3187855640797	-14.9518004895795	-13.8812995907972	-14.0281446798951	-14.6073657009547	-13.7493549027435	-14.3361835406975	-15.4916553106276	-13.6230904296506	-13.1052509164458	-13.6784464112789	-13.5720260768024	-13.4600228558907	-14.3604874417532	-15.6466388018529	-15.0380562910138	-15.4700342405016	-13.5609099636814	-13.9136218496025	-14.1230935089159
-11.2577584785674	-12.1543759071986	-10.9133642611119	-10.8588078893824	-10.893510832682	-11.2592958116965	-11.4847483388086	-11.8713992560991	-11.3850527307595	-10.9283505933322	-10.1643786705115	-10.5952200996771	-11.0838888840518	-10.4788345248761	-9.90695055046139	-10.4051259311417	-11.619892979097	-11.6780766392948	-11.2531095335477	-11.1853214632074	-11.1838081902565	-9.82048923178316	-10.2769411327094	-10.5141077789883
-12.8141239188224	-12.5447651580855	-11.3784313930249	-11.5545353846397	-12.4005290249028	-13.8365050103036	-13.182159518888	-12.935494977833	-12.6927847094059	-12.1395949027042	-10.5553321565946	-11.2205815572079	-12.6211046137268	-12.9378862400095	-11.480427615691	-11.6876669445469	-12.3262452239948	-11.4044038993984	-12.9053436036921	-12.937159469246	-13.059945381222	-10.5450089411168	-10.9336583135137	-11.1668148863453
-7.94550341436401	-8.37848847577419	-8.74561185608766	-8.91323551320101	-8.90672921481123	-9.24850325929392	-9.23949321507053	-9.15357541526745	-8.64478718002172	-9.00445808972658	-8.98477890197976	-8.41101663278553	-8.38502789491114	-8.53364453739488	-8.54573566827206	-8.52458544763388	-8.76631912862174	-8.8913089393717	-8.96605188408245	-8.76801488835178	-8.72101037219632	-8.71540135297285	-8.72202440881772	-8.7251475471838
-10.6694013322742	-10.4299067850449	-11.0188581019237	-11.7850127920182	-11.3589083443606	-11.5061182421037	-11.7014129124063	-11.5615295247668	-11.6529500520607	-11.3849685687243	-11.1537684937121	-10.8850310490904	-10.7937608173358	-10.76406834042	-11.1589459101601	-10.5507362986325	-11.3504250972043	-11.3167599411274	-11.0272166396197	-10.9387919335661	-11.2826580573875	-11.2289107347763	-11.2563883462925	-11.2747975672183
-9.05324965853339	-8.99778400208361	-8.84931920715811	-9.02144672536404	-9.06747649134993	-9.32848121627716	-9.22739047982992	-9.16852958522039	-9.35020313747007	-9.20953326777265	-9.28723244244581	-9.33821326284378	-8.67570505581407	-8.93494700002501	-8.81415136129286	-8.77904081048191	-9.17928869753957	-9.35684466963509	-9.17775342866153	-9.50379066718305	-9.28911514755159	-9.1256725707018	-8.965089543878	-8.92767539017166
