0.267176140777827	-0.151914926865077	-0.0847795912407975	0.0336915455248219	0.563892999873535	0.0113390809560319
0.266296507633464	-0.70329180105212	0.259732649739939	-0.520608897702012	-0.284247295589263	0.0485903937784126
0.266947518293306	-0.172987501940766	0.179477987662611	0.197899486032505	0.251319009533085	-0.59607883788417
0.267001442948459	0.0013069566269511	-0.128479105094966	-0.0918892568094576	0.344629026666485	-0.255884657864174
0.26547060746994	0.43984459267798	0.805935536004015	-0.0968061111111594	0.135953125409503	0.232936808146721
0.267578843327168	0.203405191824993	-0.0740815162477331	-0.097023827974811	-0.20822234761416	-0.304902139176839
0.267629852598608	0.219545252579256	-0.103268615797032	-0.113283012709919	-0.228688413750708	-0.243146505003375
0.267565977980427	0.262890192153387	-0.171999247243008	-0.093636672066691	-0.28302320202427	-0.171636086312907
0.268287934707386	0.200107035590906	-0.227852143118367	-0.142683148762274	-0.153402814357063	0.135590315306938
0.26815315291968	0.00866452540469922	-0.0872783576435789	0.0436968664066649	-0.146132652913356	0.210237049089429
0.267816998402196	0.0133474623781025	-0.164800996796121	0.0579163854086615	0.0297806556004322	0.263858807806096
0.266562904206166	-0.23711202740455	0.153145865312695	0.783057561171237	-0.340190087861829	0.0689874348456403
0.267746310227432	-0.039350512531138	-0.248024571082948	0.00908782279592661	0.238820405001974	0.409999345491022
0.267409083349318	-0.0464884281665513	-0.0984911795919205	0.0308798029966015	0.080739596077056	0.189353820521778
