0.249739020479887	-0.363087429775691	-0.0120949459920203	-0.190858031610668	0.0248190780516936	0.0473662967752067
0.249691591499647	-0.234566580143205	0.18968336532104	-0.0244488521041137	0.0505371778626077	0.163119819639053
0.249449906858912	-0.121023343813102	0.420485564823261	0.0951334040449335	-0.116401769641406	0.106187471303932
0.249621791667316	-0.048496478231826	0.413040261643222	-0.0899123220769259	0.112440393251036	0.261895410941
0.250145804773753	0.190904329496351	0.305003168814417	-0.257909547953483	0.182144011064955	0.0975706506976243
0.250119086220851	0.338191197646057	0.138522136478907	0.0889587377716197	0.451258956709944	-0.156468811370464
0.249941650914837	0.283698066140635	0.0311861977534616	-0.269176696101898	-0.117305299421862	-0.690226086358399
0.250406839781854	0.280208273295632	-0.0697627578172559	-0.150026446693127	-0.052419911749695	0.12324719675238
0.250404362277244	0.231237389270602	-0.203202617912493	-0.182329023127007	-0.109990431090965	0.193253971424198
0.250149820829543	0.300436544721161	-0.155520211278645	0.106177246223284	-0.296099045927102	0.159990926533503
0.250148395605772	0.105727637656488	-0.30181375406239	-0.00673153349674328	-0.439047621403819	0.211142206942424
0.250719317971236	0.00451047156435554	-0.40993578052237	0.300454820277948	0.454409006276517	0.272218628965442
0.250173269978492	-0.0338937627184632	-0.0649992955105446	0.554493451942985	0.12840815306894	-0.260809593580998
0.249729013401335	-0.15430719144621	0.152665979583703	0.463538452808067	-0.317090642803478	-0.228556333845341
0.249746908120974	-0.382749727095324	-0.379021602171175	-0.326986505870261	0.245503237704069	-0.246632519201537
0.249809734936046	-0.399925100407091	-0.0510187971330965	-0.111170596062064	-0.202456063833154	-0.0544378683053732
