-0.127245183176275	0.27103307529825	-0.520110758846627	-0.0676018931375326	0.055841731389516	0.44573591518504
-0.126121125035936	0.263618344056747	-0.106810356733542	-0.0144231098959077	0.784108293007373	-0.370034748100244
-0.13937177533848	-0.350625500260905	0.0524445243017202	-0.757889639180191	-0.0166876050429308	-0.201148082560431
-0.154352392732449	0.0808791694252117	-0.504612104364213	-0.13110081704746	-0.0382403269764559	-0.084587469044116
-0.164983825807496	0.183668108410575	0.233173013696401	0.112812905306935	0.183015348795192	-0.00479038757765548
-0.154078011354046	-0.394795445671287	-0.165489722148731	0.208174619055337	0.141612659984806	0.0392595805944892
-0.123517553030125	0.0646340501847721	0.33831472076839	-0.0584245623924661	0.146614430975367	0.27901729782161
-0.161271082913519	-0.197604396985599	0.112403900663737	0.0484772453791704	0.105717691710227	-0.0299028710731377
-0.229253909526338	-0.129907190520664	0.0991641885536845	0.034415635648962	-0.0297615087428046	-0.0473623219670069
-0.151343357271303	0.0957834421871937	0.13750910893198	-0.0161231647333375	-0.0703039282816983	-0.0376998085945206
-0.137774921184629	0.253716820475162	0.0429865687499055	0.0461568634350068	-0.0971903273052377	0.147037762583239
-0.116287955522149	-0.099951185718636	0.192509383788917	-0.184139529658105	0.315558034582258	0.559718082375371
-0.165806261940433	-0.0419250778857314	-0.17141644883514	-0.0468217246344906	-0.05982595402075	-0.0702746691329749
-0.178429150290921	-0.252351285767022	-0.176794649875134	0.159227131483103	-0.019966288877699	0.0358949659322081
-0.164581034075842	0.165660875141663	0.151858526803699	0.0471663577794457	-0.137949295451788	-0.115261703624989
-0.160308086674004	0.0300202224206767	0.0150809731595208	0.078713385197281	0.101745681809962	-0.257829732448534
-0.168422493758049	0.0149603824444809	-0.115334827814036	-0.064602950016921	-0.0553176771822836	-0.101151046048168
-0.122849795520084	0.219884538053277	0.0437571543544586	-0.124465993828885	-0.114174468821221	-0.0856630058920501
-0.134546577157617	0.047680544727645	0.0734328016959945	0.187327252490069	-0.0976606367553435	0.0133173314398274
-0.148319489819835	0.102257200826193	0.0051443852257575	-0.2469795014128	-0.0943773494330043	0.0236239567101366
-0.145843009308413	0.130984188218108	0.0151083126647115	0.0497594185332731	-0.101195370540564	-0.0521260330225378
-0.164388399864756	0.0221615693300436	0.05989355575857	0.0645956438306398	-0.0841811776803581	-0.0846370121512428
-0.141469412074042	-0.0464100613231807	0.077168229041459	0.0219228916662975	0.0248765748255171	0.104202185011267
-0.132689274275487	-0.0038383601642859	0.0895446909109831	-0.0497741956471891	0.118572055189167	0.105766371608994
-0.142233726880062	0.121246253140274	0.0208377009703624	-0.130656662283538	-0.110736274859264	-0.0258501614250314
-0.152846095362181	-0.0173593355018582	0.0364436927204771	-0.00871190472918457	-0.0383451962954704	0.069419277822187
-0.13984800508072	0.180852954433573	0.0191130324743015	0.057868445143137	-0.10890530055437	0.0112390703462731
-0.158366501160105	-0.0156380271864963	-0.027148471533696	0.0201552139713108	-0.0567583461840348	-0.0380360746836978
-0.144250247944418	0.0180512663992594	-0.0239921574493409	-0.00857961360761196	0.00522758946014974	0.0109437151527582
-0.161402903945852	-0.112560344627715	0.0292427366993484	0.102238868633626	-0.0190952139331289	0.00313512718020792
-0.177742302687658	-0.0274179937635238	0.0228725759048102	0.118075073261691	-0.0309738246559803	-0.0737650457005274
-0.156583947694731	0.0330516096906389	0.0990362624102282	-0.00851316875334267	-0.0407628773738905	-0.019480511766069
-0.172534382458959	-0.0239348536312825	0.03399040375106	0.0817235835461862	-0.0816924351467422	-0.028410722934066
-0.161956771881356	-0.0139952784945538	0.0142938419810708	0.0444374072497636	-0.028556082524605	0.00356262122366641
-0.130672986695866	-0.175763221781112	-0.0226501242876817	0.104680342404529	0.0919831715623339	0.0420141665957885
-0.142176192536166	-0.127483352367452	-0.0904055797795823	0.0731848125471996	-0.0104110213950433	0.0809463501724419
-0.137114245164521	-0.0173436451079809	0.0162834048124395	-0.0468604152446737	-0.0279594550356643	-0.0089857632474097
-0.12850407940127	0.0461459550136008	-0.047611581607843	-0.0741282897553217	0.0631316452525481	0.0473312640457929
-0.128644932672905	0.126415629641249	0.10898741963344	-0.0673692538278286	-0.0987748546416786	0.0166653068975176
-0.146988280388606	-0.0571717072054917	-0.0238412860872651	0.0160590850381571	-0.0222788537953771	0.0519787970547206
-0.131381449957906	-0.00489168256962142	0.0095405889014896	-0.0891668049718886	-0.0552709721742233	-0.0141522186522905
-0.191842627834774	-0.0104948582182308	0.0223237689502709	0.141697713860162	-0.0931980411080094	-0.137871730770454
-0.121086326108432	-0.264028248942771	-0.0893007390861286	0.166839816530059	0.0193641886831278	0.0534658733980653
-0.127244245771329	0.131132946713029	-0.116732565986356	-0.065102712047299	-0.0656919049083969	0.110296923260108
