4921.17823900293
128.863299107728
97.9361204183943
44.1812491793201
34.7613908685469
31.0196613952572
24.1608381870061
23.0149045780434
21.2815719823162
18.7565958532107
16.4067397931442
13.6779270847317
13.4051530837693
13.1251758235107
12.5880078224738
11.8629678575653
11.6727906479952
11.0317114755739
10.5680376975613
9.91981802186162
9.69244717326896
9.48434775912721
9.34165597766906
9.20871379350312
8.70054186726593
8.3931433774663
8.24668478509376
7.88006604825008
7.56488767108135
7.36501300555006
7.06153187972306
6.82346180777461
6.68097677570764
6.35529908849697
6.03123614915842
5.73012525023776
